        1       23      22         
        22      44      43         
        43      65      64         
        64      86      85         
        85      107     106        
        106     128     127        
        127     149     148        
        148     170     169        
        169     191     190        
        190     212     211        
        211     233     232        
        232     254     253        
        253     275     274        
        274     296     295        
        295     317     316        
        316     338     337        
        337     359     358        
        358     380     379        
        379     401     400        
        400     422     421        
        1       2       23         
        22      23      44         
        43      44      65         
        64      65      86         
        85      86      107        
        106     107     128        
        127     128     149        
        148     149     170        
        169     170     191        
        190     191     212        
        211     212     233        
        232     233     254        
        253     254     275        
        274     275     296        
        295     296     317        
        316     317     338        
        337     338     359        
        358     359     380        
        379     380     401        
        400     401     422        
        2       24      23         
        23      45      44         
        44      66      65         
        65      87      86         
        86      108     107        
        107     129     128        
        128     150     149        
        149     171     170        
        170     192     191        
        191     213     212        
        212     234     233        
        233     255     254        
        254     276     275        
        275     297     296        
        296     318     317        
        317     339     338        
        338     360     359        
        359     381     380        
        380     402     401        
        401     423     422        
        2       3       24         
        23      24      45         
        44      45      66         
        65      66      87         
        86      87      108        
        107     108     129        
        128     129     150        
        149     150     171        
        170     171     192        
        191     192     213        
        212     213     234        
        233     234     255        
        254     255     276        
        275     276     297        
        296     297     318        
        317     318     339        
        338     339     360        
        359     360     381        
        380     381     402        
        401     402     423        
        3       25      24         
        24      46      45         
        45      67      66         
        66      88      87         
        87      109     108        
        108     130     129        
        129     151     150        
        150     172     171        
        171     193     192        
        192     214     213        
        213     235     234        
        234     256     255        
        255     277     276        
        276     298     297        
        297     319     318        
        318     340     339        
        339     361     360        
        360     382     381        
        381     403     402        
        402     424     423        
        3       4       25         
        24      25      46         
        45      46      67         
        66      67      88         
        87      88      109        
        108     109     130        
        129     130     151        
        150     151     172        
        171     172     193        
        192     193     214        
        213     214     235        
        234     235     256        
        255     256     277        
        276     277     298        
        297     298     319        
        318     319     340        
        339     340     361        
        360     361     382        
        381     382     403        
        402     403     424        
        4       26      25         
        25      47      46         
        46      68      67         
        67      89      88         
        88      110     109        
        109     131     130        
        130     152     151        
        151     173     172        
        172     194     193        
        193     215     214        
        214     236     235        
        235     257     256        
        256     278     277        
        277     299     298        
        298     320     319        
        319     341     340        
        340     362     361        
        361     383     382        
        382     404     403        
        403     425     424        
        4       5       26         
        25      26      47         
        46      47      68         
        67      68      89         
        88      89      110        
        109     110     131        
        130     131     152        
        151     152     173        
        172     173     194        
        193     194     215        
        214     215     236        
        235     236     257        
        256     257     278        
        277     278     299        
        298     299     320        
        319     320     341        
        340     341     362        
        361     362     383        
        382     383     404        
        403     404     425        
        5       27      26         
        26      48      47         
        47      69      68         
        68      90      89         
        89      111     110        
        110     132     131        
        131     153     152        
        152     174     173        
        173     195     194        
        194     216     215        
        215     237     236        
        236     258     257        
        257     279     278        
        278     300     299        
        299     321     320        
        320     342     341        
        341     363     362        
        362     384     383        
        383     405     404        
        404     426     425        
        5       6       27          
        26      27      48         
        47      48      69         
        68      69      90         
        89      90      111        
        110     111     132        
        131     132     153        
        152     153     174        
        173     174     195        
        194     195     216        
        215     216     237        
        236     237     258        
        257     258     279        
        278     279     300        
        299     300     321        
        320     321     342        
        341     342     363        
        362     363     384        
        383     384     405        
        404     405     426        
        6       28      27         
        27      49      48         
        48      70      69         
        69      91      90         
        90      112     111        
        111     133     132        
        132     154     153        
        153     175     174        
        174     196     195        
        195     217     216        
        216     238     237        
        237     259     258        
        258     280     279        
        279     301     300        
        300     322     321        
        321     343     342        
        342     364     363        
        363     385     384        
        384     406     405        
        405     427     426        
        6       7       28         
        27      28      49         
        48      49      70         
        69      70      91         
        90      91      112        
        111     112     133        
        132     133     154        
        153     154     175        
        174     175     196        
        195     196     217        
        216     217     238        
        237     238     259        
        258     259     280        
        279     280     301        
        300     301     322        
        321     322     343        
        342     343     364        
        363     364     385        
        384     385     406        
        405     406     427        
        7       29      28         
        28      50      49         
        49      71      70         
        70      92      91         
        91      113     112        
        112     134     133        
        133     155     154        
        154     176     175        
        175     197     196        
        196     218     217        
        217     239     238        
        238     260     259        
        259     281     280        
        280     302     301        
        301     323     322        
        322     344     343        
        343     365     364        
        364     386     385        
        385     407     406        
        406     428     427        
        7       8       29         
        28      29      50         
        49      50      71         
        70      71      92         
        91      92      113        
        112     113     134        
        133     134     155        
        154     155     176        
        175     176     197        
        196     197     218        
        217     218     239        
        238     239     260        
        259     260     281        
        280     281     302        
        301     302     323        
        322     323     344        
        343     344     365        
        364     365     386        
        385     386     407        
        406     407     428        
        8       30      29         
        29      51      50         
        50      72      71         
        71      93      92         
        92      114     113        
        113     135     134        
        134     156     155        
        155     177     176        
        176     198     197        
        197     219     218        
        218     240     239        
        239     261     260        
        260     282     281        
        281     303     302        
        302     324     323        
        323     345     344        
        344     366     365        
        365     387     386        
        386     408     407        
        407     429     428        
        8       9       30         
        29      30      51         
        50      51      72         
        71      72      93         
        92      93      114        
        113     114     135        
        134     135     156        
        155     156     177        
        176     177     198        
        197     198     219        
        218     219     240        
        239     240     261        
        260     261     282        
        281     282     303        
        302     303     324        
        323     324     345        
        344     345     366        
        365     366     387        
        386     387     408        
        407     408     429        
        9       31      30         
        30      52      51         
        51      73      72         
        72      94      93         
        93      115     114        
        114     136     135        
        135     157     156        
        156     178     177        
        177     199     198        
        198     220     219        
        219     241     240        
        240     262     261        
        261     283     282        
        282     304     303        
        303     325     324        
        324     346     345        
        345     367     366        
        366     388     387        
        387     409     408        
        408     430     429        
        9       10      31         
        30      31      52         
        51      52      73         
        72      73      94         
        93      94      115        
        114     115     136        
        135     136     157        
        156     157     178        
        177     178     199        
        198     199     220        
        219     220     241        
        240     241     262        
        261     262     283        
        282     283     304        
        303     304     325        
        324     325     346        
        345     346     367        
        366     367     388        
        387     388     409        
        408     409     430        
        10      32      31         
        31      53      52         
        52      74      73         
        73      95      94         
        94      116     115        
        115     137     136        
        136     158     157        
        157     179     178        
        178     200     199        
        199     221     220        
        220     242     241        
        241     263     262        
        262     284     283        
        283     305     304        
        304     326     325        
        325     347     346        
        346     368     367        
        367     389     388        
        388     410     409        
        409     431     430        
        10      11      32         
        31      32      53         
        52      53      74         
        73      74      95         
        94      95      116        
        115     116     137        
        136     137     158        
        157     158     179        
        178     179     200        
        199     200     221        
        220     221     242        
        241     242     263        
        262     263     284        
        283     284     305        
        304     305     326        
        325     326     347        
        346     347     368        
        367     368     389        
        388     389     410        
        409     410     431        
        11      33      32         
        32      54      53         
        53      75      74         
        74      96      95         
        95      117     116        
        116     138     137        
        137     159     158        
        158     180     179        
        179     201     200        
        200     222     221        
        221     243     242        
        242     264     263        
        263     285     284        
        284     306     305        
        305     327     326        
        326     348     347        
        347     369     368        
        368     390     389        
        389     411     410        
        410     432     431        
        11      12      33         
        32      33      54         
        53      54      75         
        74      75      96         
        95      96      117        
        116     117     138        
        137     138     159        
        158     159     180        
        179     180     201        
        200     201     222        
        221     222     243        
        242     243     264        
        263     264     285        
        284     285     306        
        305     306     327        
        326     327     348        
        347     348     369        
        368     369     390        
        389     390     411        
        410     411     432        
        12      34      33         
        33      55      54         
        54      76      75         
        75      97      96         
        96      118     117        
        117     139     138        
        138     160     159        
        159     181     180        
        180     202     201        
        201     223     222        
        222     244     243        
        243     265     264        
        264     286     285        
        285     307     306        
        306     328     327        
        327     349     348        
        348     370     369        
        369     391     390        
        390     412     411        
        411     433     432        
        12      13      34         
        33      34      55         
        54      55      76         
        75      76      97         
        96      97      118        
        117     118     139        
        138     139     160        
        159     160     181        
        180     181     202        
        201     202     223        
        222     223     244        
        243     244     265        
        264     265     286        
        285     286     307        
        306     307     328        
        327     328     349        
        348     349     370        
        369     370     391        
        390     391     412        
        411     412     433        
        13      35      34         
        34      56      55         
        55      77      76         
        76      98      97         
        97      119     118        
        118     140     139        
        139     161     160        
        160     182     181        
        181     203     202        
        202     224     223        
        223     245     244        
        244     266     265        
        265     287     286        
        286     308     307        
        307     329     328        
        328     350     349        
        349     371     370        
        370     392     391        
        391     413     412        
        412     434     433        
        13      14      35         
        34      35      56         
        55      56      77         
        76      77      98         
        97      98      119        
        118     119     140        
        139     140     161        
        160     161     182        
        181     182     203        
        202     203     224        
        223     224     245        
        244     245     266        
        265     266     287        
        286     287     308        
        307     308     329        
        328     329     350        
        349     350     371        
        370     371     392        
        391     392     413        
        412     413     434        
        14      36      35         
        35      57      56         
        56      78      77         
        77      99      98         
        98      120     119        
        119     141     140        
        140     162     161        
        161     183     182        
        182     204     203        
        203     225     224        
        224     246     245        
        245     267     266        
        266     288     287        
        287     309     308        
        308     330     329        
        329     351     350        
        350     372     371        
        371     393     392        
        392     414     413        
        413     435     434        
        14      15      36         
        35      36      57         
        56      57      78         
        77      78      99         
        98      99      120        
        119     120     141        
        140     141     162        
        161     162     183        
        182     183     204        
        203     204     225        
        224     225     246        
        245     246     267        
        266     267     288        
        287     288     309        
        308     309     330        
        329     330     351        
        350     351     372        
        371     372     393        
        392     393     414        
        413     414     435        
        15      37      36         
        36      58      57         
        57      79      78         
        78      100     99         
        99      121     120        
        120     142     141        
        141     163     162        
        162     184     183        
        183     205     204        
        204     226     225        
        225     247     246        
        246     268     267        
        267     289     288        
        288     310     309        
        309     331     330        
        330     352     351        
        351     373     372        
        372     394     393        
        393     415     414        
        414     436     435        
        15      16      37         
        36      37      58         
        57      58      79         
        78      79      100        
        99      100     121        
        120     121     142        
        141     142     163        
        162     163     184        
        183     184     205        
        204     205     226        
        225     226     247        
        246     247     268        
        267     268     289        
        288     289     310        
        309     310     331        
        330     331     352        
        351     352     373        
        372     373     394        
        393     394     415        
        414     415     436        
        16      38      37         
        37      59      58         
        58      80      79         
        79      101     100        
        100     122     121        
        121     143     142        
        142     164     163        
        163     185     184        
        184     206     205        
        205     227     226        
        226     248     247        
        247     269     268        
        268     290     289        
        289     311     310        
        310     332     331        
        331     353     352        
        352     374     373        
        373     395     394        
        394     416     415        
        415     437     436         
        16      17      38         
        37      38      59         
        58      59      80         
        79      80      101        
        100     101     122        
        121     122     143        
        142     143     164        
        163     164     185        
        184     185     206        
        205     206     227        
        226     227     248        
        247     248     269        
        268     269     290        
        289     290     311        
        310     311     332        
        331     332     353        
        352     353     374        
        373     374     395        
        394     395     416        
        415     416     437        
        17      39      38         
        38      60      59         
        59      81      80         
        80      102     101        
        101     123     122        
        122     144     143        
        143     165     164        
        164     186     185        
        185     207     206        
        206     228     227        
        227     249     248        
        248     270     269        
        269     291     290        
        290     312     311        
        311     333     332        
        332     354     353        
        353     375     374        
        374     396     395        
        395     417     416        
        416     438     437        
        17      18      39         
        38      39      60         
        59      60      81         
        80      81      102        
        101     102     123        
        122     123     144        
        143     144     165        
        164     165     186        
        185     186     207        
        206     207     228        
        227     228     249        
        248     249     270        
        269     270     291        
        290     291     312        
        311     312     333        
        332     333     354        
        353     354     375        
        374     375     396        
        395     396     417        
        416     417     438        
        18      40      39         
        39      61      60         
        60      82      81         
        81      103     102        
        102     124     123        
        123     145     144        
        144     166     165        
        165     187     186        
        186     208     207        
        207     229     228        
        228     250     249        
        249     271     270        
        270     292     291        
        291     313     312        
        312     334     333        
        333     355     354        
        354     376     375        
        375     397     396        
        396     418     417        
        417     439     438        
        18      19      40         
        39      40      61         
        60      61      82         
        81      82      103        
        102     103     124        
        123     124     145        
        144     145     166        
        165     166     187        
        186     187     208        
        207     208     229        
        228     229     250        
        249     250     271        
        270     271     292        
        291     292     313        
        312     313     334        
        333     334     355        
        354     355     376        
        375     376     397        
        396     397     418        
        417     418     439        
        19      41      40         
        40      62      61         
        61      83      82         
        82      104     103        
        103     125     124        
        124     146     145        
        145     167     166        
        166     188     187        
        187     209     208        
        208     230     229        
        229     251     250        
        250     272     271        
        271     293     292        
        292     314     313        
        313     335     334        
        334     356     355        
        355     377     376        
        376     398     397        
        397     419     418        
        418     440     439        
        19      20      41         
        40      41      62         
        61      62      83         
        82      83      104        
        103     104     125        
        124     125     146        
        145     146     167        
        166     167     188        
        187     188     209        
        208     209     230        
        229     230     251        
        250     251     272        
        271     272     293        
        292     293     314        
        313     314     335        
        334     335     356        
        355     356     377        
        376     377     398        
        397     398     419        
        418     419     440        
        20      42      41         
        41      63      62         
        62      84      83         
        83      105     104        
        104     126     125        
        125     147     146        
        146     168     167        
        167     189     188        
        188     210     209        
        209     231     230        
        230     252     251        
        251     273     272        
        272     294     293        
        293     315     314        
        314     336     335        
        335     357     356        
        356     378     377        
        377     399     398        
        398     420     419        
        419     441     440        
        20      21      42         
        41      42      63         
        62      63      84         
        83      84      105        
        104     105     126        
        125     126     147        
        146     147     168        
        167     168     189        
        188     189     210        
        209     210     231        
        230     231     252        
        251     252     273        
        272     273     294        
        293     294     315        
        314     315     336        
        335     336     357        
        356     357     378        
        377     378     399        
        398     399     420        
        419     420     441      
