     354      356     355       1
     357      359     358       1
     360      362     361       1
     363      365     364       1
     366      368     367       1
     369      371     370       1
     372      374     373       1
     375      377     376       1
     378      380     379       1
     381      383     382       1
     384      386     385       1
     387      389     388       1
     390      392     391       1
     393      395     394       1
     396      398     397       1
     399      401     400       1
     402      404     403       1
     405      407     406       1
     408      410     409       1
     411      413     412       1
     414      416     415       1
     417      419     418       1
     420      422     421       1
     423      425     424       1
     426      428     427       1
     429      431     430       1
     432      434     433       1
     435      437     436       1
     438      440     439       1
     441      443     442       1
     444      446     445       1
     447      449     448       1
     450      452     451       1
     453      455     454       1
     456      458     457       1
     459      461     460       1
     462      464     463       1
     465      467     466       1
     468      470     469       1
     471      473     472       1
     474      476     475       1
     477      479     478       1
     480      482     481       1
     483      485     484       1
     486      488     487       1
     489      491     490       1
     492      494     493       1
     495      497     496       1
     498      500     499       1
     501      503     502       1
     504      506     505       1
     507      509     508       1
     510      512     511       1
     513      515     514       1
     516      518     517       1
     519      521     520       1
     522      524     523       1
     525      527     526       1
     528      530     529       1
     531      533     532       1
     534      536     535       1
     537      539     538       1
     540      542     541       1
     543      545     544       1
     546      548     547       1
     549      551     550       1
     552      554     553       1
     555      557     556       1
     558      560     559       1
     561      563     562       1
     564      566     565       1
     567      569     568       1
     570      572     571       1
     573      575     574       1
     576      578     577       1
     579      581     580       1
     582      584     583       1
     585      587     586       1
     588      590     589       1
     591      593     592       1
     594      596     595       1
     597      599     598       1
     600      602     601       1
     603      605     604       1
     606      608     607       1
     609      611     610       1
     612      614     613       1
     615      617     616       1
     618      620     619       1
     621      623     622       1
     624      626     625       1
     627      629     628       1
     630      632     631       1
     633      635     634       1
     636      638     637       1
     639      641     640       1
     642      644     643       1
     645      647     646       1
     648      650     649       1
     651      653     652       1
     654      656     655       1
     657      659     658       1
     660      662     661       1
     663      665     664       1
     666      668     667       1
     669      671     670       1
     672      674     673       1
     675      677     676       1
     678      680     679       1
     681      683     682       1
     684      686     685       1
     687      689     688       1
     690      692     691       1
     693      695     694       1
     696      698     697       1
     699      701     700       1
     702      704     703       1
     705      707     706       1
     708      710     709       1
     711      713     712       1
     714      716     715       1
     717      719     718       1
     720      722     721       1
     723      725     724       1
     726      728     727       1
     729      731     730       1
     732      734     733       1
     735      737     736       1
     738      740     739       1
     741      743     742       1
     744      746     745       1
     747      749     748       1
     750      752     751       1
     753      755     754       1
     756      758     757       1
     759      761     760       1
     762      764     763       1
     765      767     766       1
     768      770     769       1
     771      773     772       1
     774      776     775       1
     777      779     778       1
     780      782     781       1
     783      785     784       1
     786      788     787       1
     789      791     790       1
     792      794     793       1
     795      797     796       1
     798      800     799       1
     801      803     802       1
     804      806     805       1
     807      809     808       1
     810      812     811       1
     813      815     814       1
     816      818     817       1
     819      821     820       1
     822      824     823       1
     825      827     826       1
     828      830     829       1
     831      833     832       1
     834      355     835       1
     836      354     837       1
     838      356     839       1
     840      358     841       1
     842      357     843       1
     844      359     845       1
     846      361     847       1
     848      360     849       1
     850      362     851       1
     852      364     853       1
     854      363     855       1
     856      365     857       1
     858      367     859       1
     860      366     861       1
     862      368     863       1
     864      370     865       1
     866      369     867       1
     868      371     869       1
     870      373     871       1
     872      372     873       1
     874      374     875       1
     876      376     877       1
     878      375     879       1
     880      377     881       1
     882      379     883       1
     884      378     885       1
     886      380     887       1
     888      382     889       1
     890      381     891       1
     892      383     893       1
     894      385     895       1
     896      384     897       1
     898      386     899       1
     900      388     901       1
     902      387     903       1
     904      389     905       1
     906      391     907       1
     908      390     909       1
     910      392     911       1
     912      394     913       1
     914      393     915       1
     916      395     917       1
     918      397     919       1
     920      396     921       1
     922      398     923       1
     924      400     925       1
     926      399     927       1
     928      401     929       1
     930      403     931       1
     932      402     933       1
     934      404     935       1
     936      406     937       1
     938      405     939       1
     940      407     941       1
     942      409     943       1
     944      408     945       1
     946      410     947       1
     948      412     949       1
     950      411     951       1
     952      413     953       1
     954      415     955       1
     956      414     957       1
     958      416     959       1
     960      418     961       1
     962      417     963       1
     964      419     965       1
     966      421     967       1
     968      420     969       1
     970      422     971       1
     972      424     973       1
     974      423     975       1
     976      425     977       1
     978      427     979       1
     980      426     981       1
     982      428     983       1
     984      430     985       1
     986      429     987       1
     988      431     989       1
     990      433     991       1
     992      432     993       1
     994      434     995       1
     996      436     997       1
     998      435     999       1
    1000      437    1001       1
    1002      439    1003       1
    1004      438    1005       1
    1006      440    1007       1
    1008      442    1009       1
    1010      441    1011       1
    1012      443    1013       1
    1014      445    1015       1
    1016      444    1017       1
    1018      446    1019       1
    1020      448    1021       1
    1022      447    1023       1
    1024      449    1025       1
    1026      451    1027       1
    1028      450    1029       1
    1030      452    1031       1
    1032      454    1033       1
    1034      453    1035       1
    1036      455    1037       1
    1038      457    1039       1
    1040      456    1041       1
    1042      458    1043       1
    1044      460    1045       1
    1046      459    1047       1
    1048      461    1049       1
    1050      463    1051       1
    1052      462    1053       1
    1054      464    1055       1
    1056      466    1057       1
    1058      465    1059       1
    1060      467    1061       1
    1062      469    1063       1
    1064      468    1065       1
    1066      470    1067       1
    1068      472    1069       1
    1070      471    1071       1
    1072      473    1073       1
    1074      475    1075       1
     835      474    1076       1
    1077      476     838       1
    1078      478    1079       1
     837      477    1080       1
    1081      479     834       1
    1082      481    1083       1
     839      480    1084       1
    1085      482     836       1
    1086      484    1074       1
     841      483    1087       1
    1076      485     844       1
    1088      487    1089       1
     843      486    1090       1
    1091      488     840       1
    1079      490    1092       1
     845      489    1081       1
    1093      491     842       1
    1094      493    1095       1
     847      492    1096       1
    1097      494     850       1
    1098      496    1099       1
     849      495    1100       1
    1101      497     846       1
    1102      499    1103       1
     851      498    1104       1
    1105      500     848       1
    1106      502    1094       1
     853      501    1107       1
    1096      503     856       1
    1108      505    1109       1
     855      504    1110       1
    1111      506     852       1
    1099      508    1112       1
     857      507    1101       1
    1113      509     854       1
    1114      511    1115       1
     859      510    1116       1
    1117      512     862       1
    1118      514    1119       1
     861      513    1120       1
    1121      515     858       1
    1122      517    1123       1
     863      516    1124       1
    1125      518     860       1
    1126      520    1114       1
     865      519    1127       1
    1116      521     868       1
    1128      523    1129       1
     867      522    1130       1
    1131      524     864       1
    1119      526    1132       1
     869      525    1121       1
    1133      527     866       1
    1134      529    1135       1
     871      528    1136       1
    1137      530     874       1
    1138      532    1139       1
     873      531    1140       1
    1141      533     870       1
    1142      535    1143       1
     875      534    1144       1
    1145      536     872       1
    1146      538    1134       1
     877      537    1147       1
    1136      539     880       1
    1148      541    1149       1
     879      540    1150       1
    1151      542     876       1
    1139      544    1152       1
     881      543    1141       1
    1153      545     878       1
    1154      547    1155       1
     883      546    1156       1
    1157      548     886       1
    1158      550    1159       1
     885      549    1160       1
    1161      551     882       1
    1162      553    1163       1
     887      552    1164       1
    1165      554     884       1
    1166      556    1154       1
     889      555    1167       1
    1156      557     892       1
    1095      559    1168       1
     891      558    1097       1
    1169      560     888       1
    1159      562    1102       1
     893      561    1161       1
    1104      563     890       1
    1170      565    1171       1
     895      564    1172       1
    1173      566     898       1
    1174      568    1175       1
     897      567    1176       1
    1177      569     894       1
    1178      571    1179       1
     899      570    1180       1
    1181      572     896       1
    1182      574    1170       1
     901      573    1183       1
    1172      575     904       1
    1115      577    1184       1
     903      576    1117       1
    1185      578     900       1
    1175      580    1122       1
     905      579    1177       1
    1124      581     902       1
    1186      583    1187       1
     907      582    1188       1
    1189      584     910       1
    1190      586    1191       1
     909      585    1192       1
    1193      587     906       1
    1194      589    1195       1
     911      588    1196       1
    1197      590     908       1
    1198      592    1186       1
     913      591    1199       1
    1188      593     916       1
    1135      595    1200       1
     915      594    1137       1
    1201      596     912       1
    1191      598    1142       1
     917      597    1193       1
    1144      599     914       1
    1202      601    1203       1
     919      600    1204       1
    1205      602     922       1
    1206      604    1207       1
     921      603    1208       1
    1209      605     918       1
    1210      607    1211       1
     923      606    1212       1
    1213      608     920       1
    1214      610    1202       1
     925      609    1215       1
    1204      611     928       1
    1075      613    1216       1
     927      612    1077       1
    1217      614     924       1
    1207      616    1082       1
     929      615    1209       1
    1084      617     926       1
    1218      619    1219       1
     931      618    1220       1
    1221      620     934       1
    1089      622    1222       1
     933      621    1091       1
    1223      623     930       1
    1224      625    1086       1
     935      624    1225       1
    1087      626     932       1
    1226      628    1218       1
     937      627    1227       1
    1220      629     940       1
    1228      631    1229       1
     939      630    1230       1
    1231      632     936       1
    1222      634    1232       1
     941      633    1223       1
    1233      635     938       1
    1155      637    1234       1
     943      636    1157       1
    1235      638     946       1
    1229      640    1162       1
     945      639    1231       1
    1164      641     942       1
    1236      643    1226       1
     947      642    1237       1
    1227      644     944       1
    1219      646    1238       1
     949      645    1221       1
    1239      647     952       1
    1216      649    1224       1
     951      648    1217       1
    1225      650     948       1
    1240      652    1214       1
     953      651    1241       1
    1215      653     950       1
    1242      655    1243       1
     955      654    1244       1
    1245      656     958       1
    1109      658    1246       1
     957      657    1111       1
    1247      659     954       1
    1248      661    1106       1
     959      660    1249       1
    1107      662     956       1
    1250      664    1242       1
     961      663    1251       1
    1244      665     964       1
    1252      667    1253       1
     963      666    1254       1
    1255      668     960       1
    1246      670    1256       1
     965      669    1247       1
    1257      671     962       1
    1171      673    1258       1
     967      672    1173       1
    1259      674     970       1
    1253      676    1178       1
     969      675    1255       1
    1180      677     966       1
    1260      679    1250       1
     971      678    1261       1
    1251      680     968       1
    1243      682    1262       1
     973      681    1245       1
    1263      683     976       1
    1168      685    1248       1
     975      684    1169       1
    1249      686     972       1
    1264      688    1166       1
     977      687    1265       1
    1167      689     974       1
    1266      691    1267       1
     979      690    1268       1
    1269      692     982       1
    1129      694    1270       1
     981      693    1131       1
    1271      695     978       1
    1272      697    1126       1
     983      696    1273       1
    1127      698     980       1
    1274      700    1266       1
     985      699    1275       1
    1268      701     988       1
    1276      703    1277       1
     987      702    1278       1
    1279      704     984       1
    1270      706    1280       1
     989      705    1271       1
    1281      707     986       1
    1187      709    1282       1
     991      708    1189       1
    1283      710     994       1
    1277      712    1194       1
     993      711    1279       1
    1196      713     990       1
    1284      715    1274       1
     995      714    1285       1
    1275      716     992       1
    1267      718    1286       1
     997      717    1269       1
    1287      719    1000       1
    1184      721    1272       1
     999      720    1185       1
    1273      722     996       1
    1288      724    1182       1
    1001      723    1289       1
    1183      725     998       1
    1290      727    1291       1
    1003      726    1292       1
    1293      728    1006       1
    1149      730    1294       1
    1005      729    1151       1
    1295      731    1002       1
    1296      733    1146       1
    1007      732    1297       1
    1147      734    1004       1
    1298      736    1290       1
    1009      735    1299       1
    1292      737    1012       1
    1300      739    1301       1
    1011      738    1302       1
    1303      740    1008       1
    1294      742    1304       1
    1013      741    1295       1
    1305      743    1010       1
    1203      745    1306       1
    1015      744    1205       1
    1307      746    1018       1
    1301      748    1210       1
    1017      747    1303       1
    1212      749    1014       1
    1308      751    1298       1
    1019      750    1309       1
    1299      752    1016       1
    1291      754    1310       1
    1021      753    1293       1
    1311      755    1024       1
    1200      757    1296       1
    1023      756    1201       1
    1297      758    1020       1
    1312      760    1198       1
    1025      759    1313       1
    1199      761    1022       1
    1314      763    1315       1
    1027      762    1316       1
    1317      764    1030       1
    1238      766    1318       1
    1029      765    1239       1
    1319      767    1026       1
    1320      769    1240       1
    1031      768    1321       1
    1241      770    1028       1
    1322      772    1314       1
    1033      771    1323       1
    1316      773    1036       1
    1234      775    1324       1
    1035      774    1235       1
    1325      776    1032       1
    1318      778    1236       1
    1037      777    1319       1
    1237      779    1034       1
    1262      781    1326       1
    1039      780    1263       1
    1327      782    1042       1
    1324      784    1264       1
    1041      783    1325       1
    1265      785    1038       1
    1328      787    1322       1
    1043      786    1329       1
    1323      788    1040       1
    1315      790    1330       1
    1045      789    1317       1
    1331      791    1048       1
    1306      793    1320       1
    1047      792    1307       1
    1321      794    1044       1
    1332      796    1308       1
    1049      795    1333       1
    1309      797    1046       1
    1330      799    1334       1
    1051      798    1331       1
    1335      800    1054       1
    1310      802    1332       1
    1053      801    1311       1
    1333      803    1050       1
    1336      805    1312       1
    1055      804    1337       1
    1313      806    1052       1
    1334      808    1338       1
    1057      807    1335       1
    1339      809    1060       1
    1282      811    1336       1
    1059      810    1283       1
    1337      812    1056       1
    1340      814    1284       1
    1061      813    1341       1
    1285      815    1058       1
    1338      817    1342       1
    1063      816    1339       1
    1343      818    1066       1
    1286      820    1340       1
    1065      819    1287       1
    1341      821    1062       1
    1344      823    1288       1
    1067      822    1345       1
    1289      824    1064       1
    1326      826    1260       1
    1069      825    1327       1
    1261      827    1072       1
    1342      829    1328       1
    1071      828    1343       1
    1329      830    1068       1
    1258      832    1344       1
    1073      831    1259       1
    1345      833    1070       1
      98      354     355       1
     100      356     354       1
      99      355     356       1
     101      357     358       1
     103      359     357       1
     102      358     359       1
     104      360     361       1
     106      362     360       1
     105      361     362       1
     107      363     364       1
     109      365     363       1
     108      364     365       1
     110      366     367       1
     112      368     366       1
     111      367     368       1
     113      369     370       1
     115      371     369       1
     114      370     371       1
     116      372     373       1
     118      374     372       1
     117      373     374       1
     119      375     376       1
     121      377     375       1
     120      376     377       1
     122      378     379       1
     124      380     378       1
     123      379     380       1
     125      381     382       1
     127      383     381       1
     126      382     383       1
     128      384     385       1
     130      386     384       1
     129      385     386       1
     131      387     388       1
     133      389     387       1
     132      388     389       1
     134      390     391       1
     136      392     390       1
     135      391     392       1
     137      393     394       1
     139      395     393       1
     138      394     395       1
     140      396     397       1
     142      398     396       1
     141      397     398       1
     143      399     400       1
     145      401     399       1
     144      400     401       1
     146      402     403       1
     148      404     402       1
     147      403     404       1
     149      405     406       1
     151      407     405       1
     150      406     407       1
     152      408     409       1
     154      410     408       1
     153      409     410       1
     155      411     412       1
     157      413     411       1
     156      412     413       1
     158      414     415       1
     160      416     414       1
     159      415     416       1
     161      417     418       1
     163      419     417       1
     162      418     419       1
     164      420     421       1
     166      422     420       1
     165      421     422       1
     167      423     424       1
     169      425     423       1
     168      424     425       1
     170      426     427       1
     172      428     426       1
     171      427     428       1
     173      429     430       1
     175      431     429       1
     174      430     431       1
     176      432     433       1
     178      434     432       1
     177      433     434       1
     179      435     436       1
     181      437     435       1
     180      436     437       1
     182      438     439       1
     184      440     438       1
     183      439     440       1
     185      441     442       1
     187      443     441       1
     186      442     443       1
     188      444     445       1
     190      446     444       1
     189      445     446       1
     191      447     448       1
     193      449     447       1
     192      448     449       1
     194      450     451       1
     196      452     450       1
     195      451     452       1
     197      453     454       1
     199      455     453       1
     198      454     455       1
     200      456     457       1
     202      458     456       1
     201      457     458       1
     203      459     460       1
     205      461     459       1
     204      460     461       1
     206      462     463       1
     208      464     462       1
     207      463     464       1
     209      465     466       1
     211      467     465       1
     210      466     467       1
     212      468     469       1
     214      470     468       1
     213      469     470       1
     215      471     472       1
     217      473     471       1
     216      472     473       1
     218      474     475       1
      99      476     474       1
     219      475     476       1
     220      477     478       1
      98      479     477       1
     221      478     479       1
     222      480     481       1
     100      482     480       1
     223      481     482       1
     224      483     484       1
     102      485     483       1
     218      484     485       1
     225      486     487       1
     101      488     486       1
     226      487     488       1
     221      489     490       1
     103      491     489       1
     227      490     491       1
     228      492     493       1
     105      494     492       1
     229      493     494       1
     230      495     496       1
     104      497     495       1
     231      496     497       1
     232      498     499       1
     106      500     498       1
     233      499     500       1
     234      501     502       1
     108      503     501       1
     228      502     503       1
     235      504     505       1
     107      506     504       1
     236      505     506       1
     231      507     508       1
     109      509     507       1
     237      508     509       1
     238      510     511       1
     111      512     510       1
     239      511     512       1
     240      513     514       1
     110      515     513       1
     241      514     515       1
     242      516     517       1
     112      518     516       1
     243      517     518       1
     244      519     520       1
     114      521     519       1
     238      520     521       1
     245      522     523       1
     113      524     522       1
     246      523     524       1
     241      525     526       1
     115      527     525       1
     247      526     527       1
     248      528     529       1
     117      530     528       1
     249      529     530       1
     250      531     532       1
     116      533     531       1
     251      532     533       1
     252      534     535       1
     118      536     534       1
     253      535     536       1
     254      537     538       1
     120      539     537       1
     248      538     539       1
     255      540     541       1
     119      542     540       1
     256      541     542       1
     251      543     544       1
     121      545     543       1
     257      544     545       1
     258      546     547       1
     123      548     546       1
     259      547     548       1
     260      549     550       1
     122      551     549       1
     261      550     551       1
     262      552     553       1
     124      554     552       1
     263      553     554       1
     264      555     556       1
     126      557     555       1
     258      556     557       1
     229      558     559       1
     125      560     558       1
     265      559     560       1
     261      561     562       1
     127      563     561       1
     232      562     563       1
     266      564     565       1
     129      566     564       1
     267      565     566       1
     268      567     568       1
     128      569     567       1
     269      568     569       1
     270      570     571       1
     130      572     570       1
     271      571     572       1
     272      573     574       1
     132      575     573       1
     266      574     575       1
     239      576     577       1
     131      578     576       1
     273      577     578       1
     269      579     580       1
     133      581     579       1
     242      580     581       1
     274      582     583       1
     135      584     582       1
     275      583     584       1
     276      585     586       1
     134      587     585       1
     277      586     587       1
     278      588     589       1
     136      590     588       1
     279      589     590       1
     280      591     592       1
     138      593     591       1
     274      592     593       1
     249      594     595       1
     137      596     594       1
     281      595     596       1
     277      597     598       1
     139      599     597       1
     252      598     599       1
     282      600     601       1
     141      602     600       1
     283      601     602       1
     284      603     604       1
     140      605     603       1
     285      604     605       1
     286      606     607       1
     142      608     606       1
     287      607     608       1
     288      609     610       1
     144      611     609       1
     282      610     611       1
     219      612     613       1
     143      614     612       1
     289      613     614       1
     285      615     616       1
     145      617     615       1
     222      616     617       1
     290      618     619       1
     147      620     618       1
     291      619     620       1
     226      621     622       1
     146      623     621       1
     292      622     623       1
     293      624     625       1
     148      626     624       1
     224      625     626       1
     294      627     628       1
     150      629     627       1
     290      628     629       1
     295      630     631       1
     149      632     630       1
     296      631     632       1
     292      633     634       1
     151      635     633       1
     297      634     635       1
     259      636     637       1
     153      638     636       1
     298      637     638       1
     296      639     640       1
     152      641     639       1
     262      640     641       1
     299      642     643       1
     154      644     642       1
     294      643     644       1
     291      645     646       1
     156      647     645       1
     300      646     647       1
     289      648     649       1
     155      650     648       1
     293      649     650       1
     301      651     652       1
     157      653     651       1
     288      652     653       1
     302      654     655       1
     159      656     654       1
     303      655     656       1
     236      657     658       1
     158      659     657       1
     304      658     659       1
     305      660     661       1
     160      662     660       1
     234      661     662       1
     306      663     664       1
     162      665     663       1
     302      664     665       1
     307      666     667       1
     161      668     666       1
     308      667     668       1
     304      669     670       1
     163      671     669       1
     309      670     671       1
     267      672     673       1
     165      674     672       1
     310      673     674       1
     308      675     676       1
     164      677     675       1
     270      676     677       1
     311      678     679       1
     166      680     678       1
     306      679     680       1
     303      681     682       1
     168      683     681       1
     312      682     683       1
     265      684     685       1
     167      686     684       1
     305      685     686       1
     313      687     688       1
     169      689     687       1
     264      688     689       1
     314      690     691       1
     171      692     690       1
     315      691     692       1
     246      693     694       1
     170      695     693       1
     316      694     695       1
     317      696     697       1
     172      698     696       1
     244      697     698       1
     318      699     700       1
     174      701     699       1
     314      700     701       1
     319      702     703       1
     173      704     702       1
     320      703     704       1
     316      705     706       1
     175      707     705       1
     321      706     707       1
     275      708     709       1
     177      710     708       1
     322      709     710       1
     320      711     712       1
     176      713     711       1
     278      712     713       1
     323      714     715       1
     178      716     714       1
     318      715     716       1
     315      717     718       1
     180      719     717       1
     324      718     719       1
     273      720     721       1
     179      722     720       1
     317      721     722       1
     325      723     724       1
     181      725     723       1
     272      724     725       1
     326      726     727       1
     183      728     726       1
     327      727     728       1
     256      729     730       1
     182      731     729       1
     328      730     731       1
     329      732     733       1
     184      734     732       1
     254      733     734       1
     330      735     736       1
     186      737     735       1
     326      736     737       1
     331      738     739       1
     185      740     738       1
     332      739     740       1
     328      741     742       1
     187      743     741       1
     333      742     743       1
     283      744     745       1
     189      746     744       1
     334      745     746       1
     332      747     748       1
     188      749     747       1
     286      748     749       1
     335      750     751       1
     190      752     750       1
     330      751     752       1
     327      753     754       1
     192      755     753       1
     336      754     755       1
     281      756     757       1
     191      758     756       1
     329      757     758       1
     337      759     760       1
     193      761     759       1
     280      760     761       1
     338      762     763       1
     195      764     762       1
     339      763     764       1
     300      765     766       1
     194      767     765       1
     340      766     767       1
     341      768     769       1
     196      770     768       1
     301      769     770       1
     342      771     772       1
     198      773     771       1
     338      772     773       1
     298      774     775       1
     197      776     774       1
     343      775     776       1
     340      777     778       1
     199      779     777       1
     299      778     779       1
     312      780     781       1
     201      782     780       1
     344      781     782       1
     343      783     784       1
     200      785     783       1
     313      784     785       1
     345      786     787       1
     202      788     786       1
     342      787     788       1
     339      789     790       1
     204      791     789       1
     346      790     791       1
     334      792     793       1
     203      794     792       1
     341      793     794       1
     347      795     796       1
     205      797     795       1
     335      796     797       1
     346      798     799       1
     207      800     798       1
     348      799     800       1
     336      801     802       1
     206      803     801       1
     347      802     803       1
     349      804     805       1
     208      806     804       1
     337      805     806       1
     348      807     808       1
     210      809     807       1
     350      808     809       1
     322      810     811       1
     209      812     810       1
     349      811     812       1
     351      813     814       1
     211      815     813       1
     323      814     815       1
     350      816     817       1
     213      818     816       1
     352      817     818       1
     324      819     820       1
     212      821     819       1
     351      820     821       1
     353      822     823       1
     214      824     822       1
     325      823     824       1
     344      825     826       1
     216      827     825       1
     311      826     827       1
     352      828     829       1
     215      830     828       1
     345      829     830       1
     310      831     832       1
     217      833     831       1
     353      832     833       1
      30      834     835       1
      98      355     834       1
      99      835     355       1
      32      836     837       1
     100      354     836       1
      98      837     354       1
      31      838     839       1
      99      356     838       1
     100      839     356       1
      33      840     841       1
     101      358     840       1
     102      841     358       1
      34      842     843       1
     103      357     842       1
     101      843     357       1
      30      844     845       1
     102      359     844       1
     103      845     359       1
      35      846     847       1
     104      361     846       1
     105      847     361       1
      37      848     849       1
     106      360     848       1
     104      849     360       1
      36      850     851       1
     105      362     850       1
     106      851     362       1
      38      852     853       1
     107      364     852       1
     108      853     364       1
      39      854     855       1
     109      363     854       1
     107      855     363       1
      35      856     857       1
     108      365     856       1
     109      857     365       1
      40      858     859       1
     110      367     858       1
     111      859     367       1
      42      860     861       1
     112      366     860       1
     110      861     366       1
      41      862     863       1
     111      368     862       1
     112      863     368       1
      43      864     865       1
     113      370     864       1
     114      865     370       1
      44      866     867       1
     115      369     866       1
     113      867     369       1
      40      868     869       1
     114      371     868       1
     115      869     371       1
      45      870     871       1
     116      373     870       1
     117      871     373       1
      47      872     873       1
     118      372     872       1
     116      873     372       1
      46      874     875       1
     117      374     874       1
     118      875     374       1
      48      876     877       1
     119      376     876       1
     120      877     376       1
      49      878     879       1
     121      375     878       1
     119      879     375       1
      45      880     881       1
     120      377     880       1
     121      881     377       1
      50      882     883       1
     122      379     882       1
     123      883     379       1
      52      884     885       1
     124      378     884       1
     122      885     378       1
      51      886     887       1
     123      380     886       1
     124      887     380       1
      53      888     889       1
     125      382     888       1
     126      889     382       1
      36      890     891       1
     127      381     890       1
     125      891     381       1
      50      892     893       1
     126      383     892       1
     127      893     383       1
      54      894     895       1
     128      385     894       1
     129      895     385       1
      56      896     897       1
     130      384     896       1
     128      897     384       1
      55      898     899       1
     129      386     898       1
     130      899     386       1
      57      900     901       1
     131      388     900       1
     132      901     388       1
      41      902     903       1
     133      387     902       1
     131      903     387       1
      54      904     905       1
     132      389     904       1
     133      905     389       1
      58      906     907       1
     134      391     906       1
     135      907     391       1
      60      908     909       1
     136      390     908       1
     134      909     390       1
      59      910     911       1
     135      392     910       1
     136      911     392       1
      61      912     913       1
     137      394     912       1
     138      913     394       1
      46      914     915       1
     139      393     914       1
     137      915     393       1
      58      916     917       1
     138      395     916       1
     139      917     395       1
      62      918     919       1
     140      397     918       1
     141      919     397       1
      64      920     921       1
     142      396     920       1
     140      921     396       1
      63      922     923       1
     141      398     922       1
     142      923     398       1
      65      924     925       1
     143      400     924       1
     144      925     400       1
      31      926     927       1
     145      399     926       1
     143      927     399       1
      62      928     929       1
     144      401     928       1
     145      929     401       1
      66      930     931       1
     146      403     930       1
     147      931     403       1
      33      932     933       1
     148      402     932       1
     146      933     402       1
      67      934     935       1
     147      404     934       1
     148      935     404       1
      68      936     937       1
     149      406     936       1
     150      937     406       1
      69      938     939       1
     151      405     938       1
     149      939     405       1
      66      940     941       1
     150      407     940       1
     151      941     407       1
      51      942     943       1
     152      409     942       1
     153      943     409       1
      68      944     945       1
     154      408     944       1
     152      945     408       1
      70      946     947       1
     153      410     946       1
     154      947     410       1
      67      948     949       1
     155      412     948       1
     156      949     412       1
      65      950     951       1
     157      411     950       1
     155      951     411       1
      71      952     953       1
     156      413     952       1
     157      953     413       1
      72      954     955       1
     158      415     954       1
     159      955     415       1
      38      956     957       1
     160      414     956       1
     158      957     414       1
      73      958     959       1
     159      416     958       1
     160      959     416       1
      74      960     961       1
     161      418     960       1
     162      961     418       1
      75      962     963       1
     163      417     962       1
     161      963     417       1
      72      964     965       1
     162      419     964       1
     163      965     419       1
      55      966     967       1
     164      421     966       1
     165      967     421       1
      74      968     969       1
     166      420     968       1
     164      969     420       1
      76      970     971       1
     165      422     970       1
     166      971     422       1
      73      972     973       1
     167      424     972       1
     168      973     424       1
      53      974     975       1
     169      423     974       1
     167      975     423       1
      77      976     977       1
     168      425     976       1
     169      977     425       1
      78      978     979       1
     170      427     978       1
     171      979     427       1
      43      980     981       1
     172      426     980       1
     170      981     426       1
      79      982     983       1
     171      428     982       1
     172      983     428       1
      80      984     985       1
     173      430     984       1
     174      985     430       1
      81      986     987       1
     175      429     986       1
     173      987     429       1
      78      988     989       1
     174      431     988       1
     175      989     431       1
      59      990     991       1
     176      433     990       1
     177      991     433       1
      80      992     993       1
     178      432     992       1
     176      993     432       1
      82      994     995       1
     177      434     994       1
     178      995     434       1
      79      996     997       1
     179      436     996       1
     180      997     436       1
      57      998     999       1
     181      435     998       1
     179      999     435       1
      83     1000    1001       1
     180      437    1000       1
     181     1001     437       1
      84     1002    1003       1
     182      439    1002       1
     183     1003     439       1
      48     1004    1005       1
     184      438    1004       1
     182     1005     438       1
      85     1006    1007       1
     183      440    1006       1
     184     1007     440       1
      86     1008    1009       1
     185      442    1008       1
     186     1009     442       1
      87     1010    1011       1
     187      441    1010       1
     185     1011     441       1
      84     1012    1013       1
     186      443    1012       1
     187     1013     443       1
      63     1014    1015       1
     188      445    1014       1
     189     1015     445       1
      86     1016    1017       1
     190      444    1016       1
     188     1017     444       1
      88     1018    1019       1
     189      446    1018       1
     190     1019     446       1
      85     1020    1021       1
     191      448    1020       1
     192     1021     448       1
      61     1022    1023       1
     193      447    1022       1
     191     1023     447       1
      89     1024    1025       1
     192      449    1024       1
     193     1025     449       1
      90     1026    1027       1
     194      451    1026       1
     195     1027     451       1
      71     1028    1029       1
     196      450    1028       1
     194     1029     450       1
      91     1030    1031       1
     195      452    1030       1
     196     1031     452       1
      92     1032    1033       1
     197      454    1032       1
     198     1033     454       1
      70     1034    1035       1
     199      453    1034       1
     197     1035     453       1
      90     1036    1037       1
     198      455    1036       1
     199     1037     455       1
      77     1038    1039       1
     200      457    1038       1
     201     1039     457       1
      92     1040    1041       1
     202      456    1040       1
     200     1041     456       1
      93     1042    1043       1
     201      458    1042       1
     202     1043     458       1
      91     1044    1045       1
     203      460    1044       1
     204     1045     460       1
      88     1046    1047       1
     205      459    1046       1
     203     1047     459       1
      94     1048    1049       1
     204      461    1048       1
     205     1049     461       1
      94     1050    1051       1
     206      463    1050       1
     207     1051     463       1
      89     1052    1053       1
     208      462    1052       1
     206     1053     462       1
      95     1054    1055       1
     207      464    1054       1
     208     1055     464       1
      95     1056    1057       1
     209      466    1056       1
     210     1057     466       1
      82     1058    1059       1
     211      465    1058       1
     209     1059     465       1
      96     1060    1061       1
     210      467    1060       1
     211     1061     467       1
      96     1062    1063       1
     212      469    1062       1
     213     1063     469       1
      83     1064    1065       1
     214      468    1064       1
     212     1065     468       1
      97     1066    1067       1
     213      470    1066       1
     214     1067     470       1
      93     1068    1069       1
     215      472    1068       1
     216     1069     472       1
      97     1070    1071       1
     217      471    1070       1
     215     1071     471       1
      76     1072    1073       1
     216      473    1072       1
     217     1073     473       1
       3     1074    1075       1
     218      475    1074       1
     219     1075     475       1
      30      835    1076       1
      99      474     835       1
     218     1076     474       1
      31     1077     838       1
     219      476    1077       1
      99      838     476       1
       1     1078    1079       1
     220      478    1078       1
     221     1079     478       1
      32      837    1080       1
      98      477     837       1
     220     1080     477       1
      30     1081     834       1
     221      479    1081       1
      98      834     479       1
       2     1082    1083       1
     222      481    1082       1
     223     1083     481       1
      31      839    1084       1
     100      480     839       1
     222     1084     480       1
      32     1085     836       1
     223      482    1085       1
     100      836     482       1
       3     1086    1074       1
     224      484    1086       1
     218     1074     484       1
      33      841    1087       1
     102      483     841       1
     224     1087     483       1
      30     1076     844       1
     218      485    1076       1
     102      844     485       1
       4     1088    1089       1
     225      487    1088       1
     226     1089     487       1
      34      843    1090       1
     101      486     843       1
     225     1090     486       1
      33     1091     840       1
     226      488    1091       1
     101      840     488       1
       1     1079    1092       1
     221      490    1079       1
     227     1092     490       1
      30      845    1081       1
     103      489     845       1
     221     1081     489       1
      34     1093     842       1
     227      491    1093       1
     103      842     491       1
      20     1094    1095       1
     228      493    1094       1
     229     1095     493       1
      35      847    1096       1
     105      492     847       1
     228     1096     492       1
      36     1097     850       1
     229      494    1097       1
     105      850     494       1
      21     1098    1099       1
     230      496    1098       1
     231     1099     496       1
      37      849    1100       1
     104      495     849       1
     230     1100     495       1
      35     1101     846       1
     231      497    1101       1
     104      846     497       1
      13     1102    1103       1
     232      499    1102       1
     233     1103     499       1
      36      851    1104       1
     106      498     851       1
     232     1104     498       1
      37     1105     848       1
     233      500    1105       1
     106      848     500       1
      20     1106    1094       1
     234      502    1106       1
     228     1094     502       1
      38      853    1107       1
     108      501     853       1
     234     1107     501       1
      35     1096     856       1
     228      503    1096       1
     108      856     503       1
      24     1108    1109       1
     235      505    1108       1
     236     1109     505       1
      39      855    1110       1
     107      504     855       1
     235     1110     504       1
      38     1111     852       1
     236      506    1111       1
     107      852     506       1
      21     1099    1112       1
     231      508    1099       1
     237     1112     508       1
      35      857    1101       1
     109      507     857       1
     231     1101     507       1
      39     1113     854       1
     237      509    1113       1
     109      854     509       1
      27     1114    1115       1
     238      511    1114       1
     239     1115     511       1
      40      859    1116       1
     111      510     859       1
     238     1116     510       1
      41     1117     862       1
     239      512    1117       1
     111      862     512       1
      29     1118    1119       1
     240      514    1118       1
     241     1119     514       1
      42      861    1120       1
     110      513     861       1
     240     1120     513       1
      40     1121     858       1
     241      515    1121       1
     110      858     515       1
      28     1122    1123       1
     242      517    1122       1
     243     1123     517       1
      41      863    1124       1
     112      516     863       1
     242     1124     516       1
      42     1125     860       1
     243      518    1125       1
     112      860     518       1
      27     1126    1114       1
     244      520    1126       1
     238     1114     520       1
      43      865    1127       1
     114      519     865       1
     244     1127     519       1
      40     1116     868       1
     238      521    1116       1
     114      868     521       1
      26     1128    1129       1
     245      523    1128       1
     246     1129     523       1
      44      867    1130       1
     113      522     867       1
     245     1130     522       1
      43     1131     864       1
     246      524    1131       1
     113      864     524       1
      29     1119    1132       1
     241      526    1119       1
     247     1132     526       1
      40      869    1121       1
     115      525     869       1
     241     1121     525       1
      44     1133     866       1
     247      527    1133       1
     115      866     527       1
      15     1134    1135       1
     248      529    1134       1
     249     1135     529       1
      45      871    1136       1
     117      528     871       1
     248     1136     528       1
      46     1137     874       1
     249      530    1137       1
     117      874     530       1
      14     1138    1139       1
     250      532    1138       1
     251     1139     532       1
      47      873    1140       1
     116      531     873       1
     250     1140     531       1
      45     1141     870       1
     251      533    1141       1
     116      870     533       1
      22     1142    1143       1
     252      535    1142       1
     253     1143     535       1
      46      875    1144       1
     118      534     875       1
     252     1144     534       1
      47     1145     872       1
     253      536    1145       1
     118      872     536       1
      15     1146    1134       1
     254      538    1146       1
     248     1134     538       1
      48      877    1147       1
     120      537     877       1
     254     1147     537       1
      45     1136     880       1
     248      539    1136       1
     120      880     539       1
       9     1148    1149       1
     255      541    1148       1
     256     1149     541       1
      49      879    1150       1
     119      540     879       1
     255     1150     540       1
      48     1151     876       1
     256      542    1151       1
     119      876     542       1
      14     1139    1152       1
     251      544    1139       1
     257     1152     544       1
      45      881    1141       1
     121      543     881       1
     251     1141     543       1
      49     1153     878       1
     257      545    1153       1
     121      878     545       1
      12     1154    1155       1
     258      547    1154       1
     259     1155     547       1
      50      883    1156       1
     123      546     883       1
     258     1156     546       1
      51     1157     886       1
     259      548    1157       1
     123      886     548       1
      13     1158    1159       1
     260      550    1158       1
     261     1159     550       1
      52      885    1160       1
     122      549     885       1
     260     1160     549       1
      50     1161     882       1
     261      551    1161       1
     122      882     551       1
       8     1162    1163       1
     262      553    1162       1
     263     1163     553       1
      51      887    1164       1
     124      552     887       1
     262     1164     552       1
      52     1165     884       1
     263      554    1165       1
     124      884     554       1
      12     1166    1154       1
     264      556    1166       1
     258     1154     556       1
      53      889    1167       1
     126      555     889       1
     264     1167     555       1
      50     1156     892       1
     258      557    1156       1
     126      892     557       1
      20     1095    1168       1
     229      559    1095       1
     265     1168     559       1
      36      891    1097       1
     125      558     891       1
     229     1097     558       1
      53     1169     888       1
     265      560    1169       1
     125      888     560       1
      13     1159    1102       1
     261      562    1159       1
     232     1102     562       1
      50      893    1161       1
     127      561     893       1
     261     1161     561       1
      36     1104     890       1
     232      563    1104       1
     127      890     563       1
      19     1170    1171       1
     266      565    1170       1
     267     1171     565       1
      54      895    1172       1
     129      564     895       1
     266     1172     564       1
      55     1173     898       1
     267      566    1173       1
     129      898     566       1
      28     1174    1175       1
     268      568    1174       1
     269     1175     568       1
      56      897    1176       1
     128      567     897       1
     268     1176     567       1
      54     1177     894       1
     269      569    1177       1
     128      894     569       1
      25     1178    1179       1
     270      571    1178       1
     271     1179     571       1
      55      899    1180       1
     130      570     899       1
     270     1180     570       1
      56     1181     896       1
     271      572    1181       1
     130      896     572       1
      19     1182    1170       1
     272      574    1182       1
     266     1170     574       1
      57      901    1183       1
     132      573     901       1
     272     1183     573       1
      54     1172     904       1
     266      575    1172       1
     132      904     575       1
      27     1115    1184       1
     239      577    1115       1
     273     1184     577       1
      41      903    1117       1
     131      576     903       1
     239     1117     576       1
      57     1185     900       1
     273      578    1185       1
     131      900     578       1
      28     1175    1122       1
     269      580    1175       1
     242     1122     580       1
      54      905    1177       1
     133      579     905       1
     269     1177     579       1
      41     1124     902       1
     242      581    1124       1
     133      902     581       1
      16     1186    1187       1
     274      583    1186       1
     275     1187     583       1
      58      907    1188       1
     135      582     907       1
     274     1188     582       1
      59     1189     910       1
     275      584    1189       1
     135      910     584       1
      22     1190    1191       1
     276      586    1190       1
     277     1191     586       1
      60      909    1192       1
     134      585     909       1
     276     1192     585       1
      58     1193     906       1
     277      587    1193       1
     134      906     587       1
      23     1194    1195       1
     278      589    1194       1
     279     1195     589       1
      59      911    1196       1
     136      588     911       1
     278     1196     588       1
      60     1197     908       1
     279      590    1197       1
     136      908     590       1
      16     1198    1186       1
     280      592    1198       1
     274     1186     592       1
      61      913    1199       1
     138      591     913       1
     280     1199     591       1
      58     1188     916       1
     274      593    1188       1
     138      916     593       1
      15     1135    1200       1
     249      595    1135       1
     281     1200     595       1
      46      915    1137       1
     137      594     915       1
     249     1137     594       1
      61     1201     912       1
     281      596    1201       1
     137      912     596       1
      22     1191    1142       1
     277      598    1191       1
     252     1142     598       1
      58      917    1193       1
     139      597     917       1
     277     1193     597       1
      46     1144     914       1
     252      599    1144       1
     139      914     599       1
       6     1202    1203       1
     282      601    1202       1
     283     1203     601       1
      62      919    1204       1
     141      600     919       1
     282     1204     600       1
      63     1205     922       1
     283      602    1205       1
     141      922     602       1
       2     1206    1207       1
     284      604    1206       1
     285     1207     604       1
      64      921    1208       1
     140      603     921       1
     284     1208     603       1
      62     1209     918       1
     285      605    1209       1
     140      918     605       1
       5     1210    1211       1
     286      607    1210       1
     287     1211     607       1
      63      923    1212       1
     142      606     923       1
     286     1212     606       1
      64     1213     920       1
     287      608    1213       1
     142      920     608       1
       6     1214    1202       1
     288      610    1214       1
     282     1202     610       1
      65      925    1215       1
     144      609     925       1
     288     1215     609       1
      62     1204     928       1
     282      611    1204       1
     144      928     611       1
       3     1075    1216       1
     219      613    1075       1
     289     1216     613       1
      31      927    1077       1
     143      612     927       1
     219     1077     612       1
      65     1217     924       1
     289      614    1217       1
     143      924     614       1
       2     1207    1082       1
     285      616    1207       1
     222     1082     616       1
      62      929    1209       1
     145      615     929       1
     285     1209     615       1
      31     1084     926       1
     222      617    1084       1
     145      926     617       1
       7     1218    1219       1
     290      619    1218       1
     291     1219     619       1
      66      931    1220       1
     147      618     931       1
     290     1220     618       1
      67     1221     934       1
     291      620    1221       1
     147      934     620       1
       4     1089    1222       1
     226      622    1089       1
     292     1222     622       1
      33      933    1091       1
     146      621     933       1
     226     1091     621       1
      66     1223     930       1
     292      623    1223       1
     146      930     623       1
       3     1224    1086       1
     293      625    1224       1
     224     1086     625       1
      67      935    1225       1
     148      624     935       1
     293     1225     624       1
      33     1087     932       1
     224      626    1087       1
     148      932     626       1
       7     1226    1218       1
     294      628    1226       1
     290     1218     628       1
      68      937    1227       1
     150      627     937       1
     294     1227     627       1
      66     1220     940       1
     290      629    1220       1
     150      940     629       1
       8     1228    1229       1
     295      631    1228       1
     296     1229     631       1
      69      939    1230       1
     149      630     939       1
     295     1230     630       1
      68     1231     936       1
     296      632    1231       1
     149      936     632       1
       4     1222    1232       1
     292      634    1222       1
     297     1232     634       1
      66      941    1223       1
     151      633     941       1
     292     1223     633       1
      69     1233     938       1
     297      635    1233       1
     151      938     635       1
      12     1155    1234       1
     259      637    1155       1
     298     1234     637       1
      51      943    1157       1
     153      636     943       1
     259     1157     636       1
      70     1235     946       1
     298      638    1235       1
     153      946     638       1
       8     1229    1162       1
     296      640    1229       1
     262     1162     640       1
      68      945    1231       1
     152      639     945       1
     296     1231     639       1
      51     1164     942       1
     262      641    1164       1
     152      942     641       1
       7     1236    1226       1
     299      643    1236       1
     294     1226     643       1
      70      947    1237       1
     154      642     947       1
     299     1237     642       1
      68     1227     944       1
     294      644    1227       1
     154      944     644       1
       7     1219    1238       1
     291      646    1219       1
     300     1238     646       1
      67      949    1221       1
     156      645     949       1
     291     1221     645       1
      71     1239     952       1
     300      647    1239       1
     156      952     647       1
       3     1216    1224       1
     289      649    1216       1
     293     1224     649       1
      65      951    1217       1
     155      648     951       1
     289     1217     648       1
      67     1225     948       1
     293      650    1225       1
     155      948     650       1
       6     1240    1214       1
     301      652    1240       1
     288     1214     652       1
      71      953    1241       1
     157      651     953       1
     301     1241     651       1
      65     1215     950       1
     288      653    1215       1
     157      950     653       1
      17     1242    1243       1
     302      655    1242       1
     303     1243     655       1
      72      955    1244       1
     159      654     955       1
     302     1244     654       1
      73     1245     958       1
     303      656    1245       1
     159      958     656       1
      24     1109    1246       1
     236      658    1109       1
     304     1246     658       1
      38      957    1111       1
     158      657     957       1
     236     1111     657       1
      72     1247     954       1
     304      659    1247       1
     158      954     659       1
      20     1248    1106       1
     305      661    1248       1
     234     1106     661       1
      73      959    1249       1
     160      660     959       1
     305     1249     660       1
      38     1107     956       1
     234      662    1107       1
     160      956     662       1
      17     1250    1242       1
     306      664    1250       1
     302     1242     664       1
      74      961    1251       1
     162      663     961       1
     306     1251     663       1
      72     1244     964       1
     302      665    1244       1
     162      964     665       1
      25     1252    1253       1
     307      667    1252       1
     308     1253     667       1
      75      963    1254       1
     161      666     963       1
     307     1254     666       1
      74     1255     960       1
     308      668    1255       1
     161      960     668       1
      24     1246    1256       1
     304      670    1246       1
     309     1256     670       1
      72      965    1247       1
     163      669     965       1
     304     1247     669       1
      75     1257     962       1
     309      671    1257       1
     163      962     671       1
      19     1171    1258       1
     267      673    1171       1
     310     1258     673       1
      55      967    1173       1
     165      672     967       1
     267     1173     672       1
      76     1259     970       1
     310      674    1259       1
     165      970     674       1
      25     1253    1178       1
     308      676    1253       1
     270     1178     676       1
      74      969    1255       1
     164      675     969       1
     308     1255     675       1
      55     1180     966       1
     270      677    1180       1
     164      966     677       1
      17     1260    1250       1
     311      679    1260       1
     306     1250     679       1
      76      971    1261       1
     166      678     971       1
     311     1261     678       1
      74     1251     968       1
     306      680    1251       1
     166      968     680       1
      17     1243    1262       1
     303      682    1243       1
     312     1262     682       1
      73      973    1245       1
     168      681     973       1
     303     1245     681       1
      77     1263     976       1
     312      683    1263       1
     168      976     683       1
      20     1168    1248       1
     265      685    1168       1
     305     1248     685       1
      53      975    1169       1
     167      684     975       1
     265     1169     684       1
      73     1249     972       1
     305      686    1249       1
     167      972     686       1
      12     1264    1166       1
     313      688    1264       1
     264     1166     688       1
      77      977    1265       1
     169      687     977       1
     313     1265     687       1
      53     1167     974       1
     264      689    1167       1
     169      974     689       1
      18     1266    1267       1
     314      691    1266       1
     315     1267     691       1
      78      979    1268       1
     171      690     979       1
     314     1268     690       1
      79     1269     982       1
     315      692    1269       1
     171      982     692       1
      26     1129    1270       1
     246      694    1129       1
     316     1270     694       1
      43      981    1131       1
     170      693     981       1
     246     1131     693       1
      78     1271     978       1
     316      695    1271       1
     170      978     695       1
      27     1272    1126       1
     317      697    1272       1
     244     1126     697       1
      79      983    1273       1
     172      696     983       1
     317     1273     696       1
      43     1127     980       1
     244      698    1127       1
     172      980     698       1
      18     1274    1266       1
     318      700    1274       1
     314     1266     700       1
      80      985    1275       1
     174      699     985       1
     318     1275     699       1
      78     1268     988       1
     314      701    1268       1
     174      988     701       1
      23     1276    1277       1
     319      703    1276       1
     320     1277     703       1
      81      987    1278       1
     173      702     987       1
     319     1278     702       1
      80     1279     984       1
     320      704    1279       1
     173      984     704       1
      26     1270    1280       1
     316      706    1270       1
     321     1280     706       1
      78      989    1271       1
     175      705     989       1
     316     1271     705       1
      81     1281     986       1
     321      707    1281       1
     175      986     707       1
      16     1187    1282       1
     275      709    1187       1
     322     1282     709       1
      59      991    1189       1
     177      708     991       1
     275     1189     708       1
      82     1283     994       1
     322      710    1283       1
     177      994     710       1
      23     1277    1194       1
     320      712    1277       1
     278     1194     712       1
      80      993    1279       1
     176      711     993       1
     320     1279     711       1
      59     1196     990       1
     278      713    1196       1
     176      990     713       1
      18     1284    1274       1
     323      715    1284       1
     318     1274     715       1
      82      995    1285       1
     178      714     995       1
     323     1285     714       1
      80     1275     992       1
     318      716    1275       1
     178      992     716       1
      18     1267    1286       1
     315      718    1267       1
     324     1286     718       1
      79      997    1269       1
     180      717     997       1
     315     1269     717       1
      83     1287    1000       1
     324      719    1287       1
     180     1000     719       1
      27     1184    1272       1
     273      721    1184       1
     317     1272     721       1
      57      999    1185       1
     179      720     999       1
     273     1185     720       1
      79     1273     996       1
     317      722    1273       1
     179      996     722       1
      19     1288    1182       1
     325      724    1288       1
     272     1182     724       1
      83     1001    1289       1
     181      723    1001       1
     325     1289     723       1
      57     1183     998       1
     272      725    1183       1
     181      998     725       1
      10     1290    1291       1
     326      727    1290       1
     327     1291     727       1
      84     1003    1292       1
     183      726    1003       1
     326     1292     726       1
      85     1293    1006       1
     327      728    1293       1
     183     1006     728       1
       9     1149    1294       1
     256      730    1149       1
     328     1294     730       1
      48     1005    1151       1
     182      729    1005       1
     256     1151     729       1
      84     1295    1002       1
     328      731    1295       1
     182     1002     731       1
      15     1296    1146       1
     329      733    1296       1
     254     1146     733       1
      85     1007    1297       1
     184      732    1007       1
     329     1297     732       1
      48     1147    1004       1
     254      734    1147       1
     184     1004     734       1
      10     1298    1290       1
     330      736    1298       1
     326     1290     736       1
      86     1009    1299       1
     186      735    1009       1
     330     1299     735       1
      84     1292    1012       1
     326      737    1292       1
     186     1012     737       1
       5     1300    1301       1
     331      739    1300       1
     332     1301     739       1
      87     1011    1302       1
     185      738    1011       1
     331     1302     738       1
      86     1303    1008       1
     332      740    1303       1
     185     1008     740       1
       9     1294    1304       1
     328      742    1294       1
     333     1304     742       1
      84     1013    1295       1
     187      741    1013       1
     328     1295     741       1
      87     1305    1010       1
     333      743    1305       1
     187     1010     743       1
       6     1203    1306       1
     283      745    1203       1
     334     1306     745       1
      63     1015    1205       1
     189      744    1015       1
     283     1205     744       1
      88     1307    1018       1
     334      746    1307       1
     189     1018     746       1
       5     1301    1210       1
     332      748    1301       1
     286     1210     748       1
      86     1017    1303       1
     188      747    1017       1
     332     1303     747       1
      63     1212    1014       1
     286      749    1212       1
     188     1014     749       1
      10     1308    1298       1
     335      751    1308       1
     330     1298     751       1
      88     1019    1309       1
     190      750    1019       1
     335     1309     750       1
      86     1299    1016       1
     330      752    1299       1
     190     1016     752       1
      10     1291    1310       1
     327      754    1291       1
     336     1310     754       1
      85     1021    1293       1
     192      753    1021       1
     327     1293     753       1
      89     1311    1024       1
     336      755    1311       1
     192     1024     755       1
      15     1200    1296       1
     281      757    1200       1
     329     1296     757       1
      61     1023    1201       1
     191      756    1023       1
     281     1201     756       1
      85     1297    1020       1
     329      758    1297       1
     191     1020     758       1
      16     1312    1198       1
     337      760    1312       1
     280     1198     760       1
      89     1025    1313       1
     193      759    1025       1
     337     1313     759       1
      61     1199    1022       1
     280      761    1199       1
     193     1022     761       1
      11     1314    1315       1
     338      763    1314       1
     339     1315     763       1
      90     1027    1316       1
     195      762    1027       1
     338     1316     762       1
      91     1317    1030       1
     339      764    1317       1
     195     1030     764       1
       7     1238    1318       1
     300      766    1238       1
     340     1318     766       1
      71     1029    1239       1
     194      765    1029       1
     300     1239     765       1
      90     1319    1026       1
     340      767    1319       1
     194     1026     767       1
       6     1320    1240       1
     341      769    1320       1
     301     1240     769       1
      91     1031    1321       1
     196      768    1031       1
     341     1321     768       1
      71     1241    1028       1
     301      770    1241       1
     196     1028     770       1
      11     1322    1314       1
     342      772    1322       1
     338     1314     772       1
      92     1033    1323       1
     198      771    1033       1
     342     1323     771       1
      90     1316    1036       1
     338      773    1316       1
     198     1036     773       1
      12     1234    1324       1
     298      775    1234       1
     343     1324     775       1
      70     1035    1235       1
     197      774    1035       1
     298     1235     774       1
      92     1325    1032       1
     343      776    1325       1
     197     1032     776       1
       7     1318    1236       1
     340      778    1318       1
     299     1236     778       1
      90     1037    1319       1
     199      777    1037       1
     340     1319     777       1
      70     1237    1034       1
     299      779    1237       1
     199     1034     779       1
      17     1262    1326       1
     312      781    1262       1
     344     1326     781       1
      77     1039    1263       1
     201      780    1039       1
     312     1263     780       1
      93     1327    1042       1
     344      782    1327       1
     201     1042     782       1
      12     1324    1264       1
     343      784    1324       1
     313     1264     784       1
      92     1041    1325       1
     200      783    1041       1
     343     1325     783       1
      77     1265    1038       1
     313      785    1265       1
     200     1038     785       1
      11     1328    1322       1
     345      787    1328       1
     342     1322     787       1
      93     1043    1329       1
     202      786    1043       1
     345     1329     786       1
      92     1323    1040       1
     342      788    1323       1
     202     1040     788       1
      11     1315    1330       1
     339      790    1315       1
     346     1330     790       1
      91     1045    1317       1
     204      789    1045       1
     339     1317     789       1
      94     1331    1048       1
     346      791    1331       1
     204     1048     791       1
       6     1306    1320       1
     334      793    1306       1
     341     1320     793       1
      88     1047    1307       1
     203      792    1047       1
     334     1307     792       1
      91     1321    1044       1
     341      794    1321       1
     203     1044     794       1
      10     1332    1308       1
     347      796    1332       1
     335     1308     796       1
      94     1049    1333       1
     205      795    1049       1
     347     1333     795       1
      88     1309    1046       1
     335      797    1309       1
     205     1046     797       1
      11     1330    1334       1
     346      799    1330       1
     348     1334     799       1
      94     1051    1331       1
     207      798    1051       1
     346     1331     798       1
      95     1335    1054       1
     348      800    1335       1
     207     1054     800       1
      10     1310    1332       1
     336      802    1310       1
     347     1332     802       1
      89     1053    1311       1
     206      801    1053       1
     336     1311     801       1
      94     1333    1050       1
     347      803    1333       1
     206     1050     803       1
      16     1336    1312       1
     349      805    1336       1
     337     1312     805       1
      95     1055    1337       1
     208      804    1055       1
     349     1337     804       1
      89     1313    1052       1
     337      806    1313       1
     208     1052     806       1
      11     1334    1338       1
     348      808    1334       1
     350     1338     808       1
      95     1057    1335       1
     210      807    1057       1
     348     1335     807       1
      96     1339    1060       1
     350      809    1339       1
     210     1060     809       1
      16     1282    1336       1
     322      811    1282       1
     349     1336     811       1
      82     1059    1283       1
     209      810    1059       1
     322     1283     810       1
      95     1337    1056       1
     349      812    1337       1
     209     1056     812       1
      18     1340    1284       1
     351      814    1340       1
     323     1284     814       1
      96     1061    1341       1
     211      813    1061       1
     351     1341     813       1
      82     1285    1058       1
     323      815    1285       1
     211     1058     815       1
      11     1338    1342       1
     350      817    1338       1
     352     1342     817       1
      96     1063    1339       1
     213      816    1063       1
     350     1339     816       1
      97     1343    1066       1
     352      818    1343       1
     213     1066     818       1
      18     1286    1340       1
     324      820    1286       1
     351     1340     820       1
      83     1065    1287       1
     212      819    1065       1
     324     1287     819       1
      96     1341    1062       1
     351      821    1341       1
     212     1062     821       1
      19     1344    1288       1
     353      823    1344       1
     325     1288     823       1
      97     1067    1345       1
     214      822    1067       1
     353     1345     822       1
      83     1289    1064       1
     325      824    1289       1
     214     1064     824       1
      17     1326    1260       1
     344      826    1326       1
     311     1260     826       1
      93     1069    1327       1
     216      825    1069       1
     344     1327     825       1
      76     1261    1072       1
     311      827    1261       1
     216     1072     827       1
      11     1342    1328       1
     352      829    1342       1
     345     1328     829       1
      97     1071    1343       1
     215      828    1071       1
     352     1343     828       1
      93     1329    1068       1
     345      830    1329       1
     215     1068     830       1
      19     1258    1344       1
     310      832    1258       1
     353     1344     832       1
      76     1073    1259       1
     217      831    1073       1
     310     1259     831       1
      97     1345    1070       1
     353      833    1345       1
     217     1070     833       1
