     670      671     617       1
     372      416     373       1
     173      172     206       1
     410      366     409       1
    1293     1270    1292       1
    1287     1288    1264       1
    1282     1257    1281       1
    1276     1277    1251       1
       9       17      18       1
     111       86     110       1
     980      924     979       1
    1114     1067    1066       1
    1092     1046    1045       1
    1087     1042    1041       1
     828      778     777       1
     675      676     623       1
     292      293     252       1
      94      120      95       1
      56       57      40       1
     424      381     380       1
     405      360     404       1
     552      499     551       1
     657      656     712       1
     165      197     198       1
    1106     1059    1058       1
    1100     1054    1053       1
     960      905     959       1
     971      915     970       1
    1079     1034    1033       1
     941      942     888       1
     684      631     683       1
     950      896     949       1
     300      301     260       1
     157      189     190       1
     267      309     268       1
     529      530     479       1
     692      639     638       1
     697      643     642       1
     703      648     647       1
     543      544     491       1
     566      619     567       1
     615      563     562       1
     771      770     822       1
     418      464     465       1
     288      289     248       1
     461      414     460       1
     241      204     240       1
     208      244     245       1
     114      115      90       1
     364      322     321       1
     506      505     558       1
     325      368     326       1
    1268     1242    1241       1
    1326     1325    1336       1
    1245     1272    1246       1
    1238     1266    1239       1
    1262     1235    1234       1
    1323     1322    1334       1
    1255     1227    1226       1
    1319     1318    1331       1
    1230     1259    1231       1
    1223     1253    1224       1
    1249     1220    1219       1
    1316     1315    1329       1
      44       43      61       1
      20       32      33       1
       7        2       6       1
      84       63      83       1
     169      168     202       1
      66       88      67       1
     922      868     867       1
    1072     1071    1119       1
     871      926     872       1
     974      975     919       1
    1161     1112    1160       1
    1116     1164    1165       1
     955      956     901       1
    1138     1090    1137       1
    1094     1141    1142       1
     953      954     900       1
    1132     1085    1131       1
    1089     1135    1136       1
     679      680     627       1
     878      826     877       1
     830      881     882       1
     573      625     574       1
     621      570     569       1
     774      773     824       1
     216      254     217       1
     250      213     212       1
     377      376     420       1
     122      150     151       1
      52       53      36       1
     147      118     146       1
      59       79      80       1
      38       25      24       1
      99       98     124       1
     296      297     256       1
     469      422     468       1
     426      472     473       1
     358      315     357       1
     503      502     556       1
     318      362     319       1
     497      448     447       1
     661      660     716       1
     554      609     610       1
     762      710     761       1
     714      765     766       1
     547      548     495       1
     272      271     313       1
     200      236     237       1
     163      134     133       1
     966      967     911       1
    1153     1104    1152       1
    1108     1156    1157       1
     963      964     909       1
    1146     1098    1145       1
    1102     1149    1150       1
     903      850     849       1
    1050     1049    1096       1
     853      907     854       1
     913      859     858       1
    1063     1062    1110       1
     862      917     863       1
     945      946     892       1
    1124     1077    1123       1
    1081     1127    1128       1
     837      890     838       1
     886      834     885       1
    1030     1029    1075       1
     629      578     577       1
     782      781     832       1
     686      735     736       1
     894      842     841       1
    1038     1037    1083       1
     845      898     846       1
     303      345     346       1
     258      221     220       1
     385      384     428       1
     264      263     305       1
     129      159     130       1
     155      126     154       1
     311      353     354       1
     193      194     161       1
     350      307     349       1
     433      481     434       1
     477      430     476       1
     635      634     688       1
     533      534     483       1
     740      690     739       1
     694      743     744       1
     535      536     484       1
     746      695     745       1
     699      749     750       1
     538      539     486       1
     753      701     752       1
     705      756     757       1
     443      493     444       1
     489      440     439       1
     653      652     708       1
     564      617     565       1
     719      670     669       1
     672      671     721       1
     331      373     374       1
     371      372     329       1
     463      416     462       1
     243      206     242       1
     143      173     174       1
     171      172     141       1
     455      409     408       1
     411      410     457       1
     323      366     324       1
    1310     1292    1291       1
    1294     1293    1312       1
    1243     1270    1244       1
    1236     1264    1237       1
    1306     1287    1286       1
    1289     1288    1308       1
    1301     1281    1280       1
    1283     1282    1303       1
    1228     1257    1229       1
    1221     1251    1222       1
    1297     1276    1275       1
    1278     1277    1299       1
      31       18      30       1
       3        9      10       1
      28       17      16       1
     137      110     109       1
     112      111     139       1
      64       86      65       1
    1024      979     978       1
     981      980    1026       1
     869      924     870       1
    1065     1066    1019       1
    1163     1114    1162       1
    1021     1067    1068       1
    1044     1045     999       1
    1140     1092    1139       1
    1001     1046    1047       1
    1040     1041     996       1
    1134     1087    1133       1
     998     1042    1043       1
     776      777     727       1
     880      828     879       1
     729      778     779       1
     571      623     572       1
     723      675     674       1
     677      676     725       1
     214      252     215       1
     333      292     291       1
     294      293     335       1
      73       95      96       1
      93       94      71       1
     149      120     148       1
      26       40      41       1
      75       56      55       1
      78       57      77       1
     379      380     337       1
     471      424     470       1
     339      381     382       1
     451      404     403       1
     406      405     453       1
     316      360     317       1
     605      551     550       1
     608      552     607       1
     449      499     500       1
     764      712     763       1
     603      657     658       1
     655      656     601       1
     235      198     234       1
     135      165     166       1
     232      197     196       1
    1057     1058    1011       1
    1155     1106    1154       1
    1013     1059    1060       1
    1052     1053    1007       1
    1148     1100    1147       1
    1009     1054    1055       1
    1003      959     958       1
     961      960    1005       1
     851      905     852       1
    1015      970     969       1
     972      971    1017       1
     860      915     861       1
    1032     1033     988       1
    1126     1079    1125       1
     990     1034    1035       1
     835      888     836       1
     984      941     940       1
     943      942     986       1
     731      683     682       1
     734      684     733       1
     579      631     632       1
     992      949     948       1
     951      950     994       1
     843      896     844       1
     222      260     261       1
     341      300     299       1
     344      301     343       1
     191      190     226       1
     127      157     128       1
     224      189     188       1
     230      268     269       1
     266      267     228       1
     352      309     351       1
     431      479     432       1
     581      529     528       1
     531      530     583       1
     637      638     585       1
     742      692     741       1
     587      639     640       1
     641      642     588       1
     748      697     747       1
     590      643     644       1
     646      647     592       1
     755      703     754       1
     594      648     649       1
     441      491     442       1
     597      543     542       1
     545      544     599       1
     515      567     568       1
     565      566     513       1
     673      619     672       1
     561      562     509       1
     669      615     668       1
     511      563     564       1
     875      822     874       1
     721      771     772       1
     769      770     719       1
     466      465     515       1
     374      418     375       1
     513      464     463       1
     247      248     211       1
     329      288     328       1
     290      289     331       1
     509      460     508       1
     462      461     511       1
     413      414     371       1
     279      240     239       1
     242      241     281       1
     170      204     171       1
     246      245     285       1
     174      208     175       1
     283      244     243       1
      68       90      69       1
     141      114     113       1
     116      115     143       1
     320      321     279       1
     408      364     407       1
     281      322     323       1
     613      558     612       1
     457      506     507       1
     504      505     455       1
     285      326     327       1
     324      325     283       1
     412      368     411       1
    1240     1241    1209       1
    1291     1268    1290       1
    1211     1242    1243       1
    1343     1336    1342       1
    1312     1326    1327       1
    1324     1325    1310       1
    1215     1246    1247       1
    1244     1245    1213       1
    1295     1272    1294       1
    1207     1239    1240       1
    1237     1238    1205       1
    1290     1266    1289       1
    1233     1234    1201       1
    1286     1262    1285       1
    1203     1235    1236       1
    1342     1334    1341       1
    1308     1323    1324       1
    1321     1322    1306       1
    1225     1226    1178       1
    1280     1255    1279       1
    1180     1227    1228       1
    1340     1331    1339       1
    1303     1319    1320       1
    1317     1318    1301       1
    1184     1231    1232       1
    1229     1230    1182       1
    1284     1259    1283       1
    1176     1224    1225       1
    1222     1223    1174       1
    1279     1253    1278       1
    1218     1219    1170       1
    1275     1249    1274       1
    1172     1220    1221       1
    1339     1329    1338       1
    1299     1316    1317       1
    1314     1315    1297       1
      82       61      81       1
      30       44      45       1
      42       43      28       1
      34       33      49       1
      10       20      11       1
      47       32      31       1
      13        6      12       1
      16        7      15       1
       1        2       3       1
     106       83      82       1
     109       84     108       1
      45       63      64       1
     239      202     238       1
     139      169     170       1
     167      168     137       1
      49       67      68       1
      65       66      47       1
     113       88     112       1
     866      867     813       1
     978      922     977       1
     815      868     869       1
    1168     1119    1167       1
    1026     1072    1073       1
    1070     1071    1024       1
     819      872     873       1
     870      871     817       1
     982      926     981       1
     864      919     866       1
    1019      974     973       1
     977      975    1021       1
    1209     1160    1159       1
    1162     1161    1211       1
    1064     1112    1065       1
    1167     1165    1215       1
    1068     1116    1070       1
    1213     1164    1163       1
     856      901     848       1
     999      955     965       1
     957      956    1001       1
    1185     1137    1151       1
    1139     1138    1187       1
    1056     1090    1044       1
    1143     1142    1191       1
    1047     1094    1048       1
    1189     1141    1140       1
     847      900     856       1
     996      953     952       1
     965      954     998       1
    1178     1131    1130       1
    1133     1132    1180       1
    1039     1085    1040       1
    1151     1136    1184       1
    1043     1089    1056       1
    1182     1135    1134       1
     575      627     576       1
     727      679     678       1
     681      680     729       1
     929      877     876       1
     879      878     931       1
     775      826     776       1
     883      882     935       1
     779      830     780       1
     933      881     880       1
     523      574     575       1
     572      573     521       1
     678      625     677       1
     568      569     517       1
     674      621     673       1
     519      570     571       1
     876      824     875       1
     725      774     775       1
     772      773     723       1
     183      217     218       1
     215      216     181       1
     295      254     294       1
     211      212     177       1
     291      250     290       1
     179      213     214       1
     467      420     466       1
     335      377     378       1
     375      376     333       1
     152      151     183       1
      96      122      97       1
     181      150     149       1
      35       36      23       1
      71       52      70       1
      54       53      73       1
     177      146     176       1
     148      147     179       1
     117      118      93       1
      81       80     104       1
      41       59      42       1
     102       79      78       1
      23       24      13       1
      55       38      54       1
      15       25      26       1
     153      124     152       1
      77       99     100       1
      97       98      75       1
     218      256     219       1
     337      296     295       1
     298      297     339       1
     517      468     467       1
     470      469     519       1
     378      422     379       1
     474      473     523       1
     382      426     383       1
     521      472     471       1
     400      357     356       1
     403      358     402       1
     273      315     316       1
     612      556     611       1
     453      503     504       1
     501      502     451       1
     277      319     320       1
     317      318     275       1
     407      362     406       1
     446      447     400       1
     550      497     549       1
     402      448     449       1
     768      716     767       1
     607      661     662       1
     659      660     605       1
     611      610     666       1
     500      554     501       1
     664      609     608       1
     813      761     760       1
     763      762     815       1
     654      710     655       1
     767      766     819       1
     658      714     659       1
     817      765     764       1
     445      495     446       1
     601      547     546       1
     549      548     603       1
     356      313     355       1
     234      272     273       1
     270      271     232       1
     238      237     277       1
     166      200     167       1
     275      236     235       1
     132      133     106       1
     196      163     195       1
     108      134     135       1
     865      911     857       1
    1011      966     976       1
     968      967    1013       1
    1201     1152    1166       1
    1154     1153    1203       1
    1069     1104    1057       1
    1158     1157    1207       1
    1060     1108    1061       1
    1205     1156    1155       1
     855      909     865       1
    1007      963     962       1
     976      964    1009       1
    1193     1145    1144       1
    1147     1146    1195       1
    1051     1098    1052       1
    1166     1150    1199       1
    1055     1102    1069       1
    1197     1149    1148       1
     848      849     796       1
     958      903     957       1
     798      850     851       1
    1144     1096    1143       1
    1005     1050    1051       1
    1048     1049    1003       1
     802      854     855       1
     852      853     800       1
     962      907     961       1
     857      858     804       1
     969      913     968       1
     806      859     860       1
    1159     1110    1158       1
    1017     1063    1064       1
    1061     1062    1015       1
     810      863     864       1
     861      862     808       1
     973      917     972       1
     839      892     840       1
     988      945     944       1
     947      946     990       1
    1170     1123    1122       1
    1125     1124    1172       1
    1031     1077    1032       1
    1129     1128    1176       1
    1035     1081    1036       1
    1174     1127    1126       1
     787      838     839       1
     836      837     785       1
     944      890     943       1
     937      885     884       1
     940      886     939       1
     783      834     835       1
    1122     1075    1121       1
     986     1030    1031       1
    1028     1029     984       1
     576      577     525       1
     682      629     681       1
     527      578     579       1
     884      832     883       1
     733      782     783       1
     780      781     731       1
     737      736     787       1
     632      686     633       1
     785      735     734       1
     840      841     789       1
     948      894     947       1
     791      842     843       1
    1130     1083    1129       1
     994     1038    1039       1
    1036     1037     992       1
     795      846     847       1
     844      845     793       1
     952      898     951       1
     347      346     390       1
     261      303     262       1
     388      345     344       1
     219      220     185       1
     299      258     298       1
     187      221     222       1
     475      428     474       1
     343      385     386       1
     383      384     341       1
     348      305     347       1
     226      264     265       1
     262      263     224       1
     104      130     131       1
     128      129     102       1
     192      159     191       1
     185      154     153       1
     188      155     187       1
     100      126     127       1
     355      354     398       1
     269      311     270       1
     396      353     352       1
     131      161     132       1
     228      193     192       1
     195      194     230       1
     392      349     348       1
     351      350     394       1
     265      307     266       1
     390      434     435       1
     432      433     388       1
     532      481     531       1
     525      476     475       1
     528      477     527       1
     386      430     431       1
     738      688     737       1
     583      635     636       1
     633      634     581       1
     435      483     436       1
     585      533     532       1
     537      534     587       1
     789      739     738       1
     741      740     791       1
     636      690     637       1
     751      744     795       1
     640      694     645       1
     793      743     742       1
     436      484     437       1
     588      535     537       1
     540      536     590       1
     796      745     751       1
     747      746     798       1
     645      695     641       1
     758      750     802       1
     644      699     650       1
     800      749     748       1
     437      486     438       1
     592      538     540       1
     541      539     594       1
     804      752     758       1
     754      753     806       1
     650      701     646       1
     759      757     810       1
     649      705     651       1
     808      756     755       1
     398      444     445       1
     442      443     396       1
     546      493     545       1
     438      439     392       1
     542      489     541       1
     394      440     441       1
     760      708     759       1
     599      653     654       1
     651      652     597       1
     616      670     617       1
     720      671     670       1
     618      617     671       1
     330      372     373       1
     415      416     372       1
     417      373     416       1
     207      173     206       1
     142      172     173       1
     205      206     172       1
     456      410     409       1
     367      366     410       1
     365      409     366       1
    1311     1293    1292       1
    1271     1270    1293       1
    1269     1292    1270       1
    1263     1287    1264       1
    1307     1288    1287       1
    1265     1264    1288       1
    1302     1282    1281       1
    1258     1257    1282       1
    1256     1281    1257       1
    1250     1276    1251       1
    1298     1277    1276       1
    1252     1251    1277       1
      19        9      18       1
       8       17       9       1
      29       18      17       1
     138      111     110       1
      87       86     111       1
      85      110      86       1
    1025      980     979       1
     925      924     980       1
     923      979     924       1
    1113     1114    1066       1
    1115     1067    1114       1
    1020     1066    1067       1
    1091     1092    1045       1
    1093     1046    1092       1
    1000     1045    1046       1
    1086     1087    1041       1
    1088     1042    1087       1
     997     1041    1042       1
     827      828     777       1
     829      778     828       1
     728      777     778       1
     622      675     623       1
     724      676     675       1
     624      623     676       1
     251      292     252       1
     334      293     292       1
     253      252     293       1
      72       94      95       1
     119      120      94       1
     121       95     120       1
      39       56      40       1
      76       57      56       1
      58       40      57       1
     423      424     380       1
     425      381     424       1
     338      380     381       1
     452      405     404       1
     361      360     405       1
     359      404     360       1
     606      552     551       1
     553      499     552       1
     498      551     499       1
     713      657     712       1
     602      656     657       1
     711      712     656       1
     199      165     198       1
     164      197     165       1
     233      198     197       1
    1105     1106    1058       1
    1107     1059    1106       1
    1012     1058    1059       1
    1099     1100    1053       1
    1101     1054    1100       1
    1008     1053    1054       1
    1004      960     959       1
     906      905     960       1
     904      959     905       1
    1016      971     970       1
     916      915     971       1
     914      970     915       1
    1078     1079    1033       1
    1080     1034    1079       1
     989     1033    1034       1
     887      941     888       1
     985      942     941       1
     889      888     942       1
     732      684     683       1
     685      631     684       1
     630      683     631       1
     993      950     949       1
     897      896     950       1
     895      949     896       1
     259      300     260       1
     342      301     300       1
     302      260     301       1
     158      157     190       1
     156      189     157       1
     225      190     189       1
     229      267     268       1
     308      309     267       1
     310      268     309       1
     478      529     479       1
     582      530     529       1
     480      479     530       1
     691      692     638       1
     693      639     692       1
     586      638     639       1
     696      697     642       1
     698      643     697       1
     589      642     643       1
     702      703     647       1
     704      648     703       1
     593      647     648       1
     490      543     491       1
     598      544     543       1
     492      491     544       1
     514      566     567       1
     618      619     566       1
     620      567     619       1
     614      615     562       1
     616      563     615       1
     510      562     563       1
     823      771     822       1
     720      770     771       1
     821      822     770       1
     419      418     465       1
     417      464     418       1
     514      465     464       1
     287      288     248       1
     330      289     288       1
     249      248     289       1
     510      461     460       1
     415      414     461       1
     459      460     414       1
     280      241     240       1
     205      204     241       1
     203      240     204       1
     209      208     245       1
     207      244     208       1
     284      245     244       1
      89      114      90       1
     142      115     114       1
      91       90     115       1
     363      364     321       1
     365      322     364       1
     280      321     322       1
     559      506     558       1
     456      505     506       1
     557      558     505       1
     284      325     326       1
     367      368     325       1
     369      326     368       1
    1267     1268    1241       1
    1269     1242    1268       1
    1210     1241    1242       1
    1337     1326    1336       1
    1311     1325    1326       1
    1335     1336    1325       1
    1214     1245    1246       1
    1271     1272    1245       1
    1273     1246    1272       1
    1206     1238    1239       1
    1265     1266    1238       1
    1267     1239    1266       1
    1261     1262    1234       1
    1263     1235    1262       1
    1202     1234    1235       1
    1335     1323    1334       1
    1307     1322    1323       1
    1333     1334    1322       1
    1254     1255    1226       1
    1256     1227    1255       1
    1179     1226    1227       1
    1332     1319    1331       1
    1302     1318    1319       1
    1330     1331    1318       1
    1183     1230    1231       1
    1258     1259    1230       1
    1260     1231    1259       1
    1175     1223    1224       1
    1252     1253    1223       1
    1254     1224    1253       1
    1248     1249    1219       1
    1250     1220    1249       1
    1171     1219    1220       1
    1330     1316    1329       1
    1298     1315    1316       1
    1328     1329    1315       1
      62       44      61       1
      29       43      44       1
      60       61      43       1
      21       20      33       1
      19       32      20       1
      48       33      32       1
      14        7       6       1
       8        2       7       1
       5        6       2       1
     107       84      83       1
      85       63      84       1
      62       83      63       1
     203      169     202       1
     138      168     169       1
     201      202     168       1
      48       66      67       1
      87       88      66       1
      89       67      88       1
     921      922     867       1
     923      868     922       1
     814      867     868       1
    1120     1072    1119       1
    1025     1071    1072       1
    1118     1119    1071       1
     818      871     872       1
     925      926     871       1
     927      872     926       1
     918      974     919       1
    1020      975     974       1
     921      919     975       1
    1210     1161    1160       1
    1113     1112    1161       1
    1111     1160    1112       1
    1118     1116    1165       1
    1115     1164    1116       1
    1214     1165    1164       1
     910      955     901       1
    1000      956     955       1
     902      901     956       1
    1186     1138    1137       1
    1091     1090    1138       1
    1103     1137    1090       1
    1095     1094    1142       1
    1093     1141    1094       1
    1190     1142    1141       1
     899      953     900       1
     997      954     953       1
     910      900     954       1
    1179     1132    1131       1
    1086     1085    1132       1
    1084     1131    1085       1
    1103     1089    1136       1
    1088     1135    1089       1
    1183     1136    1135       1
     626      679     627       1
     728      680     679       1
     628      627     680       1
     930      878     877       1
     827      826     878       1
     825      877     826       1
     831      830     882       1
     829      881     830       1
     934      882     881       1
     522      573     574       1
     624      625     573       1
     626      574     625       1
     620      621     569       1
     622      570     621       1
     518      569     570       1
     825      774     824       1
     724      773     774       1
     823      824     773       1
     182      216     217       1
     253      254     216       1
     255      217     254       1
     249      250     212       1
     251      213     250       1
     178      212     213       1
     421      377     420       1
     334      376     377       1
     419      420     376       1
     123      122     151       1
     121      150     122       1
     182      151     150       1
      51       52      36       1
      72       53      52       1
      37       36      53       1
     178      147     146       1
     119      118     147       1
     145      146     118       1
      60       59      80       1
      58       79      59       1
     103       80      79       1
      37       38      24       1
      39       25      38       1
      14       24      25       1
     125       99     124       1
      76       98      99       1
     123      124      98       1
     255      296     256       1
     338      297     296       1
     257      256     297       1
     518      469     468       1
     423      422     469       1
     421      468     422       1
     427      426     473       1
     425      472     426       1
     522      473     472       1
     401      358     357       1
     359      315     358       1
     314      357     315       1
     557      503     556       1
     452      502     503       1
     555      556     502       1
     276      318     319       1
     361      362     318       1
     363      319     362       1
     496      497     447       1
     498      448     497       1
     401      447     448       1
     717      661     716       1
     606      660     661       1
     715      716     660       1
     555      554     610       1
     553      609     554       1
     665      610     609       1
     814      762     761       1
     711      710     762       1
     709      761     710       1
     715      714     766       1
     713      765     714       1
     818      766     765       1
     494      547     495       1
     602      548     547       1
     496      495     548       1
     314      272     313       1
     233      271     272       1
     312      313     271       1
     201      200     237       1
     199      236     200       1
     276      237     236       1
     162      163     133       1
     164      134     163       1
     107      133     134       1
     920      966     911       1
    1012      967     966       1
     912      911     967       1
    1202     1153    1152       1
    1105     1104    1153       1
    1117     1152    1104       1
    1109     1108    1157       1
    1107     1156    1108       1
    1206     1157    1156       1
     908      963     909       1
    1008      964     963       1
     920      909     964       1
    1194     1146    1145       1
    1099     1098    1146       1
    1097     1145    1098       1
    1117     1102    1150       1
    1101     1149    1102       1
    1198     1150    1149       1
     902      903     849       1
     904      850     903       1
     797      849     850       1
    1097     1050    1096       1
    1004     1049    1050       1
    1095     1096    1049       1
     801      853     854       1
     906      907     853       1
     908      854     907       1
     912      913     858       1
     914      859     913       1
     805      858     859       1
    1111     1063    1110       1
    1016     1062    1063       1
    1109     1110    1062       1
     809      862     863       1
     916      917     862       1
     918      863     917       1
     891      945     892       1
     989      946     945       1
     893      892     946       1
    1171     1124    1123       1
    1078     1077    1124       1
    1076     1123    1077       1
    1082     1081    1128       1
    1080     1127    1081       1
    1175     1128    1127       1
     786      837     838       1
     889      890     837       1
     891      838     890       1
     938      886     885       1
     887      834     886       1
     833      885     834       1
    1076     1030    1075       1
     985     1029    1030       1
    1074     1075    1029       1
     628      629     577       1
     630      578     629       1
     526      577     578       1
     833      782     832       1
     732      781     782       1
     831      832     781       1
     687      686     736       1
     685      735     686       1
     786      736     735       1
     893      894     841       1
     895      842     894       1
     790      841     842       1
    1084     1038    1083       1
     993     1037    1038       1
    1082     1083    1037       1
     794      845     846       1
     897      898     845       1
     899      846     898       1
     304      303     346       1
     302      345     303       1
     389      346     345       1
     257      258     220       1
     259      221     258       1
     186      220     221       1
     429      385     428       1
     342      384     385       1
     427      428     384       1
     306      264     305       1
     225      263     264       1
     304      305     263       1
     103      129     130       1
     158      159     129       1
     160      130     159       1
     186      155     154       1
     156      126     155       1
     125      154     126       1
     312      311     354       1
     310      353     311       1
     397      354     353       1
     160      193     161       1
     229      194     193       1
     162      161     194       1
     393      350     349       1
     308      307     350       1
     306      349     307       1
     389      433     434       1
     480      481     433       1
     482      434     481       1
     526      477     476       1
     478      430     477       1
     429      476     430       1
     689      635     688       1
     582      634     635       1
     687      688     634       1
     482      533     483       1
     586      534     533       1
     485      483     534       1
     790      740     739       1
     691      690     740       1
     689      739     690       1
     700      694     744       1
     693      743     694       1
     794      744     743       1
     485      535     484       1
     589      536     535       1
     487      484     536       1
     797      746     745       1
     696      695     746       1
     700      745     695       1
     706      699     750       1
     698      749     699       1
     801      750     749       1
     487      538     486       1
     593      539     538       1
     488      486     539       1
     805      753     752       1
     702      701     753       1
     706      752     701       1
     707      705     757       1
     704      756     705       1
     809      757     756       1
     397      443     444       1
     492      493     443       1
     494      444     493       1
     488      489     439       1
     490      440     489       1
     393      439     440       1
     709      653     708       1
     598      652     653       1
     707      708     652       1
     512      564     565       1
     616      617     564       1
     618      565     617       1
     718      719     669       1
     720      670     719       1
     616      669     670       1
     722      672     721       1
     618      671     672       1
     720      721     671       1
     332      331     374       1
     330      373     331       1
     417      374     373       1
     370      371     329       1
     415      372     371       1
     330      329     372       1
     512      463     462       1
     417      416     463       1
     415      462     416       1
     282      243     242       1
     207      206     243       1
     205      242     206       1
     144      143     174       1
     142      173     143       1
     207      174     173       1
     140      171     141       1
     205      172     171       1
     142      141     172       1
     454      455     408       1
     456      409     455       1
     365      408     409       1
     458      411     457       1
     367      410     411       1
     456      457     410       1
     282      323     324       1
     365      366     323       1
     367      324     366       1
    1309     1310    1291       1
    1311     1292    1310       1
    1269     1291    1292       1
    1313     1294    1312       1
    1271     1293    1294       1
    1311     1312    1293       1
    1212     1243    1244       1
    1269     1270    1243       1
    1271     1244    1270       1
    1204     1236    1237       1
    1263     1264    1236       1
    1265     1237    1264       1
    1305     1306    1286       1
    1307     1287    1306       1
    1263     1286    1287       1
    1309     1289    1308       1
    1265     1288    1289       1
    1307     1308    1288       1
    1300     1301    1280       1
    1302     1281    1301       1
    1256     1280    1281       1
    1304     1283    1303       1
    1258     1282    1283       1
    1302     1303    1282       1
    1181     1228    1229       1
    1256     1257    1228       1
    1258     1229    1257       1
    1173     1221    1222       1
    1250     1251    1221       1
    1252     1222    1251       1
    1296     1297    1275       1
    1298     1276    1297       1
    1250     1275    1276       1
    1300     1278    1299       1
    1252     1277    1278       1
    1298     1299    1277       1
      46       31      30       1
      19       18      31       1
      29       30      18       1
       4        3      10       1
       8        9       3       1
      19       10       9       1
      27       28      16       1
      29       17      28       1
       8       16      17       1
     136      137     109       1
     138      110     137       1
      85      109     110       1
     140      112     139       1
      87      111     112       1
     138      139     111       1
      46       64      65       1
      85       86      64       1
      87       65      86       1
    1023     1024     978       1
    1025      979    1024       1
     923      978     979       1
    1027      981    1026       1
     925      980     981       1
    1025     1026     980       1
     816      869     870       1
     923      924     869       1
     925      870     924       1
    1018     1065    1019       1
    1113     1066    1065       1
    1020     1019    1066       1
    1212     1163    1162       1
    1115     1114    1163       1
    1113     1162    1114       1
    1023     1021    1068       1
    1020     1067    1021       1
    1115     1068    1067       1
    1010     1044     999       1
    1091     1045    1044       1
    1000      999    1045       1
    1188     1140    1139       1
    1093     1092    1140       1
    1091     1139    1092       1
    1002     1001    1047       1
    1000     1046    1001       1
    1093     1047    1046       1
     995     1040     996       1
    1086     1041    1040       1
     997      996    1041       1
    1181     1134    1133       1
    1088     1087    1134       1
    1086     1133    1087       1
    1010      998    1043       1
     997     1042     998       1
    1088     1043    1042       1
     726      776     727       1
     827      777     776       1
     728      727     777       1
     932      880     879       1
     829      828     880       1
     827      879     828       1
     730      729     779       1
     728      778     729       1
     829      779     778       1
     520      571     572       1
     622      623     571       1
     624      572     623       1
     722      723     674       1
     724      675     723       1
     622      674     675       1
     726      677     725       1
     624      676     677       1
     724      725     676       1
     180      214     215       1
     251      252     214       1
     253      215     252       1
     332      333     291       1
     334      292     333       1
     251      291     292       1
     336      294     335       1
     253      293     294       1
     334      335     293       1
      74       73      96       1
      72       95      73       1
     121       96      95       1
      92       93      71       1
     119       94      93       1
      72       71      94       1
     180      149     148       1
     121      120     149       1
     119      148     120       1
      27       26      41       1
      39       40      26       1
      58       41      40       1
      74       75      55       1
      76       56      75       1
      39       55      56       1
     101       78      77       1
      58       57      78       1
      76       77      57       1
     336      379     337       1
     423      380     379       1
     338      337     380       1
     520      471     470       1
     425      424     471       1
     423      470     424       1
     340      339     382       1
     338      381     339       1
     425      382     381       1
     450      451     403       1
     452      404     451       1
     359      403     404       1
     454      406     453       1
     361      405     406       1
     452      453     405       1
     274      316     317       1
     359      360     316       1
     361      317     360       1
     604      605     550       1
     606      551     605       1
     498      550     551       1
     663      608     607       1
     553      552     608       1
     606      607     552       1
     450      449     500       1
     498      499     449       1
     553      500     499       1
     816      764     763       1
     713      712     764       1
     711      763     712       1
     604      603     658       1
     602      657     603       1
     713      658     657       1
     600      655     601       1
     711      656     655       1
     602      601     656       1
     274      235     234       1
     199      198     235       1
     233      234     198       1
     136      135     166       1
     164      165     135       1
     199      166     165       1
     231      232     196       1
     233      197     232       1
     164      196     197       1
    1022     1057    1011       1
    1105     1058    1057       1
    1012     1011    1058       1
    1204     1155    1154       1
    1107     1106    1155       1
    1105     1154    1106       1
    1014     1013    1060       1
    1012     1059    1013       1
    1107     1060    1059       1
    1006     1052    1007       1
    1099     1053    1052       1
    1008     1007    1053       1
    1196     1148    1147       1
    1101     1100    1148       1
    1099     1147    1100       1
    1022     1009    1055       1
    1008     1054    1009       1
    1101     1055    1054       1
    1002     1003     958       1
    1004      959    1003       1
     904      958     959       1
    1006      961    1005       1
     906      960     961       1
    1004     1005     960       1
     799      851     852       1
     904      905     851       1
     906      852     905       1
    1014     1015     969       1
    1016      970    1015       1
     914      969     970       1
    1018      972    1017       1
     916      971     972       1
    1016     1017     971       1
     807      860     861       1
     914      915     860       1
     916      861     915       1
     987     1032     988       1
    1078     1033    1032       1
     989      988    1033       1
    1173     1126    1125       1
    1080     1079    1126       1
    1078     1125    1079       1
     991      990    1035       1
     989     1034     990       1
    1080     1035    1034       1
     784      835     836       1
     887      888     835       1
     889      836     888       1
     983      984     940       1
     985      941     984       1
     887      940     941       1
     987      943     986       1
     889      942     943       1
     985      986     942       1
     730      731     682       1
     732      683     731       1
     630      682     683       1
     784      734     733       1
     685      684     734       1
     732      733     684       1
     580      579     632       1
     630      631     579       1
     685      632     631       1
     991      992     948       1
     993      949     992       1
     895      948     949       1
     995      951     994       1
     897      950     951       1
     993      994     950       1
     792      843     844       1
     895      896     843       1
     897      844     896       1
     223      222     261       1
     259      260     222       1
     302      261     260       1
     340      341     299       1
     342      300     341       1
     259      299     300       1
     387      344     343       1
     302      301     344       1
     342      343     301       1
     227      191     226       1
     158      190     191       1
     225      226     190       1
     101      127     128       1
     156      157     127       1
     158      128     157       1
     223      224     188       1
     225      189     224       1
     156      188     189       1
     231      230     269       1
     229      268     230       1
     310      269     268       1
     227      266     228       1
     308      267     266       1
     229      228     267       1
     395      352     351       1
     310      309     352       1
     308      351     309       1
     387      431     432       1
     478      479     431       1
     480      432     479       1
     580      581     528       1
     582      529     581       1
     478      528     529       1
     584      531     583       1
     480      530     531       1
     582      583     530       1
     584      637     585       1
     691      638     637       1
     586      585     638       1
     792      742     741       1
     693      692     742       1
     691      741     692       1
     591      587     640       1
     586      639     587       1
     693      640     639       1
     591      641     588       1
     696      642     641       1
     589      588     642       1
     799      748     747       1
     698      697     748       1
     696      747     697       1
     595      590     644       1
     589      643     590       1
     698      644     643       1
     595      646     592       1
     702      647     646       1
     593      592     647       1
     807      755     754       1
     704      703     755       1
     702      754     703       1
     596      594     649       1
     593      648     594       1
     704      649     648       1
     395      441     442       1
     490      491     441       1
     492      442     491       1
     596      597     542       1
     598      543     597       1
     490      542     543       1
     600      545     599       1
     492      544     545       1
     598      599     544       1
     516      515     568       1
     514      567     515       1
     620      568     567       1
     512      565     513       1
     618      566     565       1
     514      513     566       1
     722      673     672       1
     620      619     673       1
     618      672     619       1
     560      561     509       1
     614      562     561       1
     510      509     562       1
     718      669     668       1
     616      615     669       1
     614      668     615       1
     512      511     564       1
     510      563     511       1
     616      564     563       1
     928      875     874       1
     823      822     875       1
     821      874     822       1
     722      721     772       1
     720      771     721       1
     823      772     771       1
     718      769     719       1
     821      770     769       1
     720      719     770       1
     516      466     515       1
     419      465     466       1
     514      515     465       1
     332      374     375       1
     417      418     374       1
     419      375     418       1
     512      513     463       1
     514      464     513       1
     417      463     464       1
     210      247     211       1
     287      248     247       1
     249      211     248       1
     370      329     328       1
     330      288     329       1
     287      328     288       1
     332      290     331       1
     249      289     290       1
     330      331     289       1
     560      509     508       1
     510      460     509       1
     459      508     460       1
     512      462     511       1
     415      461     462       1
     510      511     461       1
     370      413     371       1
     459      414     413       1
     415      371     414       1
     278      279     239       1
     280      240     279       1
     203      239     240       1
     282      242     281       1
     205      241     242       1
     280      281     241       1
     140      170     171       1
     203      204     170       1
     205      171     204       1
     286      246     285       1
     209      245     246       1
     284      285     245       1
     144      174     175       1
     207      208     174       1
     209      175     208       1
     282      283     243       1
     284      244     283       1
     207      243     244       1
      50       68      69       1
      89       90      68       1
      91       69      90       1
     140      141     113       1
     142      114     141       1
      89      113     114       1
     144      116     143       1
      91      115     116       1
     142      143     115       1
     278      320     279       1
     363      321     320       1
     280      279     321       1
     454      408     407       1
     365      364     408       1
     363      407     364       1
     282      281     323       1
     280      322     281       1
     365      323     322       1
     667      613     612       1
     559      558     613       1
     557      612     558       1
     458      457     507       1
     456      506     457       1
     559      507     506       1
     454      504     455       1
     557      505     504       1
     456      455     505       1
     286      285     327       1
     284      326     285       1
     369      327     326       1
     282      324     283       1
     367      325     324       1
     284      283     325       1
     458      412     411       1
     369      368     412       1
     367      411     368       1
    1208     1240    1209       1
    1267     1241    1240       1
    1210     1209    1241       1
    1309     1291    1290       1
    1269     1268    1291       1
    1267     1290    1268       1
    1212     1211    1243       1
    1210     1242    1211       1
    1269     1243    1242       1
    1345     1343    1342       1
    1337     1336    1343       1
    1335     1342    1336       1
    1313     1312    1327       1
    1311     1326    1312       1
    1337     1327    1326       1
    1309     1324    1310       1
    1335     1325    1324       1
    1311     1310    1325       1
    1217     1215    1247       1
    1214     1246    1215       1
    1273     1247    1246       1
    1212     1244    1213       1
    1271     1245    1244       1
    1214     1213    1245       1
    1313     1295    1294       1
    1273     1272    1295       1
    1271     1294    1272       1
    1208     1207    1240       1
    1206     1239    1207       1
    1267     1240    1239       1
    1204     1237    1205       1
    1265     1238    1237       1
    1206     1205    1238       1
    1309     1290    1289       1
    1267     1266    1290       1
    1265     1289    1266       1
    1216     1233    1201       1
    1261     1234    1233       1
    1202     1201    1234       1
    1305     1286    1285       1
    1263     1262    1286       1
    1261     1285    1262       1
    1204     1203    1236       1
    1202     1235    1203       1
    1263     1236    1235       1
    1345     1342    1341       1
    1335     1334    1342       1
    1333     1341    1334       1
    1309     1308    1324       1
    1307     1323    1308       1
    1335     1324    1323       1
    1305     1321    1306       1
    1333     1322    1321       1
    1307     1306    1322       1
    1177     1225    1178       1
    1254     1226    1225       1
    1179     1178    1226       1
    1300     1280    1279       1
    1256     1255    1280       1
    1254     1279    1255       1
    1181     1180    1228       1
    1179     1227    1180       1
    1256     1228    1227       1
    1344     1340    1339       1
    1332     1331    1340       1
    1330     1339    1331       1
    1304     1303    1320       1
    1302     1319    1303       1
    1332     1320    1319       1
    1300     1317    1301       1
    1330     1318    1317       1
    1302     1301    1318       1
    1200     1184    1232       1
    1183     1231    1184       1
    1260     1232    1231       1
    1181     1229    1182       1
    1258     1230    1229       1
    1183     1182    1230       1
    1304     1284    1283       1
    1260     1259    1284       1
    1258     1283    1259       1
    1177     1176    1225       1
    1175     1224    1176       1
    1254     1225    1224       1
    1173     1222    1174       1
    1252     1223    1222       1
    1175     1174    1223       1
    1300     1279    1278       1
    1254     1253    1279       1
    1252     1278    1253       1
    1169     1218    1170       1
    1248     1219    1218       1
    1171     1170    1219       1
    1296     1275    1274       1
    1250     1249    1275       1
    1248     1274    1249       1
    1173     1172    1221       1
    1171     1220    1172       1
    1250     1221    1220       1
    1344     1339    1338       1
    1330     1329    1339       1
    1328     1338    1329       1
    1300     1299    1317       1
    1298     1316    1299       1
    1330     1317    1316       1
    1296     1314    1297       1
    1328     1315    1314       1
    1298     1297    1315       1
     105       82      81       1
      62       61      82       1
      60       81      61       1
      46       30      45       1
      29       44      30       1
      62       45      44       1
      27       42      28       1
      60       43      42       1
      29       28      43       1
      50       34      49       1
      21       33      34       1
      48       49      33       1
       4       10      11       1
      19       20      10       1
      21       11      20       1
      46       47      31       1
      48       32      47       1
      19       31      32       1
      22       13      12       1
      14        6      13       1
       5       12       6       1
      27       16      15       1
       8        7      16       1
      14       15       7       1
       4        1       3       1
       5        2       1       1
       8        3       2       1
     105      106      82       1
     107       83     106       1
      62       82      83       1
     136      109     108       1
      85       84     109       1
     107      108      84       1
      46       45      64       1
      62       63      45       1
      85       64      63       1
     278      239     238       1
     203      202     239       1
     201      238     202       1
     140      139     170       1
     138      169     139       1
     203      170     169       1
     136      167     137       1
     201      168     167       1
     138      137     168       1
      50       49      68       1
      48       67      49       1
      89       68      67       1
      46       65      47       1
      87       66      65       1
      48       47      66       1
     140      113     112       1
      89       88     113       1
      87      112      88       1
     812      866     813       1
     921      867     866       1
     814      813     867       1
    1023      978     977       1
     923      922     978       1
     921      977     922       1
     816      815     869       1
     814      868     815       1
     923      869     868       1
    1217     1168    1167       1
    1120     1119    1168       1
    1118     1167    1119       1
    1027     1026    1073       1
    1025     1072    1026       1
    1120     1073    1072       1
    1023     1070    1024       1
    1118     1071    1070       1
    1025     1024    1071       1
     820      819     873       1
     818      872     819       1
     927      873     872       1
     816      870     817       1
     925      871     870       1
     818      817     871       1
    1027      982     981       1
     927      926     982       1
     925      981     926       1
     812      864     866       1
     918      919     864       1
     921      866     919       1
    1018     1019     973       1
    1020      974    1019       1
     918      973     974       1
    1023      977    1021       1
     921      975     977       1
    1020     1021     975       1
    1208     1209    1159       1
    1210     1160    1209       1
    1111     1159    1160       1
    1212     1162    1211       1
    1113     1161    1162       1
    1210     1211    1161       1
    1018     1064    1065       1
    1111     1112    1064       1
    1113     1065    1112       1
    1217     1167    1215       1
    1118     1165    1167       1
    1214     1215    1165       1
    1023     1068    1070       1
    1115     1116    1068       1
    1118     1070    1116       1
    1212     1213    1163       1
    1214     1164    1213       1
    1115     1163    1164       1
     803      856     848       1
     910      901     856       1
     902      848     901       1
    1010      999     965       1
    1000      955     999       1
     910      965     955       1
    1002      957    1001       1
     902      956     957       1
    1000     1001     956       1
    1200     1185    1151       1
    1186     1137    1185       1
    1103     1151    1137       1
    1188     1139    1187       1
    1091     1138    1139       1
    1186     1187    1138       1
    1010     1056    1044       1
    1103     1090    1056       1
    1091     1044    1090       1
    1192     1143    1191       1
    1095     1142    1143       1
    1190     1191    1142       1
    1002     1047    1048       1
    1093     1094    1047       1
    1095     1048    1094       1
    1188     1189    1140       1
    1190     1141    1189       1
    1093     1140    1141       1
     803      847     856       1
     899      900     847       1
     910      856     900       1
     995      996     952       1
     997      953     996       1
     899      952     953       1
    1010      965     998       1
     910      954     965       1
     997      998     954       1
    1177     1178    1130       1
    1179     1131    1178       1
    1084     1130    1131       1
    1181     1133    1180       1
    1086     1132    1133       1
    1179     1180    1132       1
     995     1039    1040       1
    1084     1085    1039       1
    1086     1040    1085       1
    1200     1151    1184       1
    1103     1136    1151       1
    1183     1184    1136       1
    1010     1043    1056       1
    1088     1089    1043       1
    1103     1056    1089       1
    1181     1182    1134       1
    1183     1135    1182       1
    1088     1134    1135       1
     524      575     576       1
     626      627     575       1
     628      576     627       1
     726      727     678       1
     728      679     727       1
     626      678     679       1
     730      681     729       1
     628      680     681       1
     728      729     680       1
     928      929     876       1
     930      877     929       1
     825      876     877       1
     932      879     931       1
     827      878     879       1
     930      931     878       1
     726      775     776       1
     825      826     775       1
     827      776     826       1
     936      883     935       1
     831      882     883       1
     934      935     882       1
     730      779     780       1
     829      830     779       1
     831      780     830       1
     932      933     880       1
     934      881     933       1
     829      880     881       1
     524      523     575       1
     522      574     523       1
     626      575     574       1
     520      572     521       1
     624      573     572       1
     522      521     573       1
     726      678     677       1
     626      625     678       1
     624      677     625       1
     516      568     517       1
     620      569     568       1
     518      517     569       1
     722      674     673       1
     622      621     674       1
     620      673     621       1
     520      519     571       1
     518      570     519       1
     622      571     570       1
     928      876     875       1
     825      824     876       1
     823      875     824       1
     726      725     775       1
     724      774     725       1
     825      775     774       1
     722      772     723       1
     823      773     772       1
     724      723     773       1
     184      183     218       1
     182      217     183       1
     255      218     217       1
     180      215     181       1
     253      216     215       1
     182      181     216       1
     336      295     294       1
     255      254     295       1
     253      294     254       1
     210      211     177       1
     249      212     211       1
     178      177     212       1
     332      291     290       1
     251      250     291       1
     249      290     250       1
     180      179     214       1
     178      213     179       1
     251      214     213       1
     516      467     466       1
     421      420     467       1
     419      466     420       1
     336      335     378       1
     334      377     335       1
     421      378     377       1
     332      375     333       1
     419      376     375       1
     334      333     376       1
     184      152     183       1
     123      151     152       1
     182      183     151       1
      74       96      97       1
     121      122      96       1
     123       97     122       1
     180      181     149       1
     182      150     181       1
     121      149     150       1
      22       35      23       1
      51       36      35       1
      37       23      36       1
      92       71      70       1
      72       52      71       1
      51       70      52       1
      74       54      73       1
      37       53      54       1
      72       73      53       1
     210      177     176       1
     178      146     177       1
     145      176     146       1
     180      148     179       1
     119      147     148       1
     178      179     147       1
      92      117      93       1
     145      118     117       1
     119       93     118       1
     105       81     104       1
      60       80      81       1
     103      104      80       1
      27       41      42       1
      58       59      41       1
      60       42      59       1
     101      102      78       1
     103       79     102       1
      58       78      79       1
      22       23      13       1
      37       24      23       1
      14       13      24       1
      74       55      54       1
      39       38      55       1
      37       54      38       1
      27       15      26       1
      14       25      15       1
      39       26      25       1
     184      153     152       1
     125      124     153       1
     123      152     124       1
     101       77     100       1
      76       99      77       1
     125      100      99       1
      74       97      75       1
     123       98      97       1
      76       75      98       1
     184      218     219       1
     255      256     218       1
     257      219     256       1
     336      337     295       1
     338      296     337       1
     255      295     296       1
     340      298     339       1
     257      297     298       1
     338      339     297       1
     516      517     467       1
     518      468     517       1
     421      467     468       1
     520      470     519       1
     423      469     470       1
     518      519     469       1
     336      378     379       1
     421      422     378       1
     423      379     422       1
     524      474     523       1
     427      473     474       1
     522      523     473       1
     340      382     383       1
     425      426     382       1
     427      383     426       1
     520      521     471       1
     522      472     521       1
     425      471     472       1
     399      400     356       1
     401      357     400       1
     314      356     357       1
     450      403     402       1
     359      358     403       1
     401      402     358       1
     274      273     316       1
     314      315     273       1
     359      316     315       1
     667      612     611       1
     557      556     612       1
     555      611     556       1
     454      453     504       1
     452      503     453       1
     557      504     503       1
     450      501     451       1
     555      502     501       1
     452      451     502       1
     278      277     320       1
     276      319     277       1
     363      320     319       1
     274      317     275       1
     361      318     317       1
     276      275     318       1
     454      407     406       1
     363      362     407       1
     361      406     362       1
     399      446     400       1
     496      447     446       1
     401      400     447       1
     604      550     549       1
     498      497     550       1
     496      549     497       1
     450      402     449       1
     401      448     402       1
     498      449     448       1
     820      768     767       1
     717      716     768       1
     715      767     716       1
     663      607     662       1
     606      661     607       1
     717      662     661       1
     604      659     605       1
     715      660     659       1
     606      605     660       1
     667      611     666       1
     555      610     611       1
     665      666     610       1
     450      500     501       1
     553      554     500       1
     555      501     554       1
     663      664     608       1
     665      609     664       1
     553      608     609       1
     812      813     760       1
     814      761     813       1
     709      760     761       1
     816      763     815       1
     711      762     763       1
     814      815     762       1
     600      654     655       1
     709      710     654       1
     711      655     710       1
     820      767     819       1
     715      766     767       1
     818      819     766       1
     604      658     659       1
     713      714     658       1
     715      659     714       1
     816      817     764       1
     818      765     817       1
     713      764     765       1
     399      445     446       1
     494      495     445       1
     496      446     495       1
     600      601     546       1
     602      547     601       1
     494      546     547       1
     604      549     603       1
     496      548     549       1
     602      603     548       1
     399      356     355       1
     314      313     356       1
     312      355     313       1
     274      234     273       1
     233      272     234       1
     314      273     272       1
     231      270     232       1
     312      271     270       1
     233      232     271       1
     278      238     277       1
     201      237     238       1
     276      277     237       1
     136      166     167       1
     199      200     166       1
     201      167     200       1
     274      275     235       1
     276      236     275       1
     199      235     236       1
     105      132     106       1
     162      133     132       1
     107      106     133       1
     231      196     195       1
     164      163     196       1
     162      195     163       1
     136      108     135       1
     107      134     108       1
     164      135     134       1
     811      865     857       1
     920      911     865       1
     912      857     911       1
    1022     1011     976       1
    1012      966    1011       1
     920      976     966       1
    1014      968    1013       1
     912      967     968       1
    1012     1013     967       1
    1216     1201    1166       1
    1202     1152    1201       1
    1117     1166    1152       1
    1204     1154    1203       1
    1105     1153    1154       1
    1202     1203    1153       1
    1022     1069    1057       1
    1117     1104    1069       1
    1105     1057    1104       1
    1208     1158    1207       1
    1109     1157    1158       1
    1206     1207    1157       1
    1014     1060    1061       1
    1107     1108    1060       1
    1109     1061    1108       1
    1204     1205    1155       1
    1206     1156    1205       1
    1107     1155    1156       1
     811      855     865       1
     908      909     855       1
     920      865     909       1
    1006     1007     962       1
    1008      963    1007       1
     908      962     963       1
    1022      976    1009       1
     920      964     976       1
    1008     1009     964       1
    1192     1193    1144       1
    1194     1145    1193       1
    1097     1144    1145       1
    1196     1147    1195       1
    1099     1146    1147       1
    1194     1195    1146       1
    1006     1051    1052       1
    1097     1098    1051       1
    1099     1052    1098       1
    1216     1166    1199       1
    1117     1150    1166       1
    1198     1199    1150       1
    1022     1055    1069       1
    1101     1102    1055       1
    1117     1069    1102       1
    1196     1197    1148       1
    1198     1149    1197       1
    1101     1148    1149       1
     803      848     796       1
     902      849     848       1
     797      796     849       1
    1002      958     957       1
     904      903     958       1
     902      957     903       1
     799      798     851       1
     797      850     798       1
     904      851     850       1
    1192     1144    1143       1
    1097     1096    1144       1
    1095     1143    1096       1
    1006     1005    1051       1
    1004     1050    1005       1
    1097     1051    1050       1
    1002     1048    1003       1
    1095     1049    1048       1
    1004     1003    1049       1
     811      802     855       1
     801      854     802       1
     908      855     854       1
     799      852     800       1
     906      853     852       1
     801      800     853       1
    1006      962     961       1
     908      907     962       1
     906      961     907       1
     811      857     804       1
     912      858     857       1
     805      804     858       1
    1014      969     968       1
     914      913     969       1
     912      968     913       1
     807      806     860       1
     805      859     806       1
     914      860     859       1
    1208     1159    1158       1
    1111     1110    1159       1
    1109     1158    1110       1
    1018     1017    1064       1
    1016     1063    1017       1
    1111     1064    1063       1
    1014     1061    1015       1
    1109     1062    1061       1
    1016     1015    1062       1
     812      810     864       1
     809      863     810       1
     918      864     863       1
     807      861     808       1
     916      862     861       1
     809      808     862       1
    1018      973     972       1
     918      917     973       1
     916      972     917       1
     788      839     840       1
     891      892     839       1
     893      840     892       1
     987      988     944       1
     989      945     988       1
     891      944     945       1
     991      947     990       1
     893      946     947       1
     989      990     946       1
    1169     1170    1122       1
    1171     1123    1170       1
    1076     1122    1123       1
    1173     1125    1172       1
    1078     1124    1125       1
    1171     1172    1124       1
     987     1031    1032       1
    1076     1077    1031       1
    1078     1032    1077       1
    1177     1129    1176       1
    1082     1128    1129       1
    1175     1176    1128       1
     991     1035    1036       1
    1080     1081    1035       1
    1082     1036    1081       1
    1173     1174    1126       1
    1175     1127    1174       1
    1080     1126    1127       1
     788      787     839       1
     786      838     787       1
     891      839     838       1
     784      836     785       1
     889      837     836       1
     786      785     837       1
     987      944     943       1
     891      890     944       1
     889      943     890       1
     936      937     884       1
     938      885     937       1
     833      884     885       1
     983      940     939       1
     887      886     940       1
     938      939     886       1
     784      783     835       1
     833      834     783       1
     887      835     834       1
    1169     1122    1121       1
    1076     1075    1122       1
    1074     1121    1075       1
     987      986    1031       1
     985     1030     986       1
    1076     1031    1030       1
     983     1028     984       1
    1074     1029    1028       1
     985      984    1029       1
     524      576     525       1
     628      577     576       1
     526      525     577       1
     730      682     681       1
     630      629     682       1
     628      681     629       1
     580      527     579       1
     526      578     527       1
     630      579     578       1
     936      884     883       1
     833      832     884       1
     831      883     832       1
     784      733     783       1
     732      782     733       1
     833      783     782       1
     730      780     731       1
     831      781     780       1
     732      731     781       1
     788      737     787       1
     687      736     737       1
     786      787     736       1
     580      632     633       1
     685      686     632       1
     687      633     686       1
     784      785     734       1
     786      735     785       1
     685      734     735       1
     788      840     789       1
     893      841     840       1
     790      789     841       1
     991      948     947       1
     895      894     948       1
     893      947     894       1
     792      791     843       1
     790      842     791       1
     895      843     842       1
    1177     1130    1129       1
    1084     1083    1130       1
    1082     1129    1083       1
     995      994    1039       1
     993     1038     994       1
    1084     1039    1038       1
     991     1036     992       1
    1082     1037    1036       1
     993      992    1037       1
     803      795     847       1
     794      846     795       1
     899      847     846       1
     792      844     793       1
     897      845     844       1
     794      793     845       1
     995      952     951       1
     899      898     952       1
     897      951     898       1
     391      347     390       1
     304      346     347       1
     389      390     346       1
     223      261     262       1
     302      303     261       1
     304      262     303       1
     387      388     344       1
     389      345     388       1
     302      344     345       1
     184      219     185       1
     257      220     219       1
     186      185     220       1
     340      299     298       1
     259      258     299       1
     257      298     258       1
     223      187     222       1
     186      221     187       1
     259      222     221       1
     524      475     474       1
     429      428     475       1
     427      474     428       1
     387      343     386       1
     342      385     343       1
     429      386     385       1
     340      383     341       1
     427      384     383       1
     342      341     384       1
     391      348     347       1
     306      305     348       1
     304      347     305       1
     227      226     265       1
     225      264     226       1
     306      265     264       1
     223      262     224       1
     304      263     262       1
     225      224     263       1
     105      104     131       1
     103      130     104       1
     160      131     130       1
     101      128     102       1
     158      129     128       1
     103      102     129       1
     227      192     191       1
     160      159     192       1
     158      191     159       1
     184      185     153       1
     186      154     185       1
     125      153     154       1
     223      188     187       1
     156      155     188       1
     186      187     155       1
     101      100     127       1
     125      126     100       1
     156      127     126       1
     399      355     398       1
     312      354     355       1
     397      398     354       1
     231      269     270       1
     310      311     269       1
     312      270     311       1
     395      396     352       1
     397      353     396       1
     310      352     353       1
     105      131     132       1
     160      161     131       1
     162      132     161       1
     227      228     192       1
     229      193     228       1
     160      192     193       1
     231      195     230       1
     162      194     195       1
     229      230     194       1
     391      392     348       1
     393      349     392       1
     306      348     349       1
     395      351     394       1
     308      350     351       1
     393      394     350       1
     227      265     266       1
     306      307     265       1
     308      266     307       1
     391      390     435       1
     389      434     390       1
     482      435     434       1
     387      432     388       1
     480      433     432       1
     389      388     433       1
     584      532     531       1
     482      481     532       1
     480      531     481       1
     524      525     475       1
     526      476     525       1
     429      475     476       1
     580      528     527       1
     478      477     528       1
     526      527     477       1
     387      386     431       1
     429      430     386       1
     478      431     430       1
     788      738     737       1
     689      688     738       1
     687      737     688       1
     584      583     636       1
     582      635     583       1
     689      636     635       1
     580      633     581       1
     687      634     633       1
     582      581     634       1
     391      435     436       1
     482      483     435       1
     485      436     483       1
     584      585     532       1
     586      533     585       1
     482      532     533       1
     591      537     587       1
     485      534     537       1
     586      587     534       1
     788      789     738       1
     790      739     789       1
     689      738     739       1
     792      741     791       1
     691      740     741       1
     790      791     740       1
     584      636     637       1
     689      690     636       1
     691      637     690       1
     803      751     795       1
     700      744     751       1
     794      795     744       1
     591      640     645       1
     693      694     640       1
     700      645     694       1
     792      793     742       1
     794      743     793       1
     693      742     743       1
     391      436     437       1
     485      484     436       1
     487      437     484       1
     591      588     537       1
     589      535     588       1
     485      537     535       1
     595      540     590       1
     487      536     540       1
     589      590     536       1
     803      796     751       1
     797      745     796       1
     700      751     745       1
     799      747     798       1
     696      746     747       1
     797      798     746       1
     591      645     641       1
     700      695     645       1
     696      641     695       1
     811      758     802       1
     706      750     758       1
     801      802     750       1
     595      644     650       1
     698      699     644       1
     706      650     699       1
     799      800     748       1
     801      749     800       1
     698      748     749       1
     391      437     438       1
     487      486     437       1
     488      438     486       1
     595      592     540       1
     593      538     592       1
     487      540     538       1
     596      541     594       1
     488      539     541       1
     593      594     539       1
     811      804     758       1
     805      752     804       1
     706      758     752       1
     807      754     806       1
     702      753     754       1
     805      806     753       1
     595      650     646       1
     706      701     650       1
     702      646     701       1
     812      759     810       1
     707      757     759       1
     809      810     757       1
     596      649     651       1
     704      705     649       1
     707      651     705       1
     807      808     755       1
     809      756     808       1
     704      755     756       1
     399      398     445       1
     397      444     398       1
     494      445     444       1
     395      442     396       1
     492      443     442       1
     397      396     443       1
     600      546     545       1
     494      493     546       1
     492      545     493       1
     391      438     392       1
     488      439     438       1
     393      392     439       1
     596      542     541       1
     490      489     542       1
     488      541     489       1
     395      394     441       1
     393      440     394       1
     490      441     440       1
     812      760     759       1
     709      708     760       1
     707      759     708       1
     600      599     654       1
     598      653     599       1
     709      654     653       1
     596      651     597       1
     707      652     651       1
     598      597     652       1
