  -1.00000000   0.18750000
  -0.94429636   0.15217867
  -0.94429636   0.21467867
  -1.00000000   0.25000000
  -1.00000000   0.12500000
  -0.94429636   0.08967867
  -0.88859271   0.11685734
  -0.88859271   0.17935734
  -0.88859271   0.24185734
  -0.94429636   0.27717867
  -1.00000000   0.31250000
  -1.00000000   0.06250000
  -0.94429636   0.02717867
  -0.88859271   0.05435734
  -0.83288907   0.08153601
  -0.83288907   0.14403601
  -0.83288907   0.20653601
  -0.83288907   0.26903601
  -0.88859271   0.30435734
  -0.94429636   0.33967867
  -1.00000000   0.37500000
  -1.00000000   0.00000000
  -0.94421957  -0.02796998
  -0.88851592  -0.00079130
  -0.83281228   0.02638737
  -0.77710864   0.05356604
  -0.77718543   0.10871469
  -0.77718543   0.17121469
  -0.77718543   0.23371469
  -0.77718543   0.29621469
  -0.83288907   0.33153601
  -0.88859271   0.36685734
  -0.94429636   0.40217867
  -1.00000000   0.43750000
  -1.00000000  -0.06250000
  -0.94421957  -0.09046998
  -0.88843913  -0.05593995
  -0.83273549  -0.02876128
  -0.77703185  -0.00158261
  -0.72132821   0.02559606
  -0.72140500   0.08074471
  -0.72148179   0.13589336
  -0.72148179   0.19839336
  -0.72148179   0.26089336
  -0.72148179   0.32339336
  -0.77718543   0.35871469
  -0.83288907   0.39403601
  -0.88859271   0.42935734
  -0.94429636   0.46467867
  -1.00000000   0.50000000
  -1.00000000  -0.12500000
  -0.94421957  -0.15296998
  -0.88843913  -0.11843995
  -0.83265870  -0.08390993
  -0.77695506  -0.05673126
  -0.72125141  -0.02955258
  -0.66554777  -0.00237391
  -0.66562456   0.05277473
  -0.66570135   0.10792338
  -0.66577814   0.16307203
  -0.66577814   0.22557203
  -0.66577814   0.28807203
  -0.67886421   0.34252595
  -0.73456786   0.37784727
  -0.79027150   0.41316860
  -0.84597514   0.44848993
  -0.90167878   0.48381126
  -0.95738243   0.51913259
  -1.00000000   0.56250000
  -1.00000000  -0.18750000
  -0.94421957  -0.21546998
  -0.88843913  -0.18093995
  -0.83265870  -0.14640993
  -0.77687827  -0.11187990
  -0.72117462  -0.08470123
  -0.66547098  -0.05752256
  -0.60976734  -0.03034389
  -0.60984413   0.02480476
  -0.60992092   0.07995341
  -0.60999771   0.13510205
  -0.61007450   0.19025070
  -0.61007450   0.25275070
  -0.62316057   0.30720462
  -0.63624664   0.36165853
  -0.69195028   0.39697986
  -0.74765393   0.43230119
  -0.80335757   0.46762252
  -0.85906121   0.50294385
  -0.91476486   0.53826518
  -0.95738243   0.58163259
  -1.00000000   0.62500000
  -1.00000000  -0.25000000
  -0.94421957  -0.27796998
  -0.88843913  -0.24343995
  -0.83265870  -0.20890993
  -0.77687827  -0.17437990
  -0.72109783  -0.13984988
  -0.66539419  -0.11267121
  -0.60969055  -0.08549254
  -0.55398691  -0.05831387
  -0.55406370  -0.00316522
  -0.55414049   0.05198343
  -0.55421728   0.10713208
  -0.55429407   0.16228073
  -0.55437086   0.21742937
  -0.56745693   0.27188329
  -0.58054300   0.32633720
  -0.59362907   0.38079112
  -0.64933271   0.41611245
  -0.70503635   0.45143378
  -0.76074000   0.48675511
  -0.81644364   0.52207643
  -0.87214728   0.55739776
  -0.91476486   0.60076518
  -0.95738243   0.64413259
  -1.00000000   0.68750000
  -1.00000000  -0.31250000
  -0.94421957  -0.34046998
  -0.88843913  -0.30593995
  -0.83265870  -0.27140993
  -0.77687827  -0.23687990
  -0.72109783  -0.20234988
  -0.66531740  -0.16781986
  -0.60961376  -0.14064118
  -0.55391011  -0.11346251
  -0.48469055  -0.08549254
  -0.48476734  -0.03034389
  -0.48484413   0.02480476
  -0.48492092   0.07995341
  -0.48499771   0.13510205
  -0.48507450   0.19025070
  -0.51352314   0.25842246
  -0.52660921   0.31287638
  -0.53969529   0.36733030
  -0.55278136   0.42178421
  -0.60671514   0.43524504
  -0.66241878   0.47056637
  -0.71812243   0.50588769
  -0.77382607   0.54120902
  -0.82952971   0.57653035
  -0.87214728   0.61989776
  -0.91476486   0.66326518
  -0.95738243   0.70663259
  -1.00000000   0.75000000
  -1.00000000  -0.37500000
  -0.94421957  -0.40296998
  -0.88843913  -0.36843995
  -0.83265870  -0.33390993
  -0.77687827  -0.29937990
  -0.72109783  -0.26484988
  -0.66531740  -0.23031986
  -0.60953697  -0.19578983
  -0.55383332  -0.16861116
  -0.48461376  -0.14064118
  -0.41539419  -0.11267121
  -0.41547098  -0.05752256
  -0.41554777  -0.00237391
  -0.41562456   0.05277473
  -0.41570135   0.10792338
  -0.41577814   0.16307203
  -0.44422679   0.23124379
  -0.47267543   0.29941556
  -0.48576150   0.35386947
  -0.49884757   0.40832339
  -0.51193364   0.46277730
  -0.56586743   0.47623813
  -0.61980121   0.48969895
  -0.67550485   0.52502028
  -0.73120850   0.56034161
  -0.78691214   0.59566294
  -0.82952971   0.63903035
  -0.87214728   0.68239776
  -0.91476486   0.72576518
  -0.95738243   0.76913259
  -1.00000000   0.81250000
  -1.00000000  -0.43750000
  -0.94421957  -0.46546998
  -0.88843913  -0.43093995
  -0.83265870  -0.39640993
  -0.77687827  -0.36187990
  -0.72109783  -0.32734988
  -0.66531740  -0.29281986
  -0.60953697  -0.25828983
  -0.55375653  -0.22375981
  -0.48453697  -0.19578983
  -0.41531740  -0.16781986
  -0.34609783  -0.13984988
  -0.34617462  -0.08470123
  -0.34625141  -0.02955258
  -0.34632821   0.02559606
  -0.34640500   0.08074471
  -0.34648179   0.13589336
  -0.37493043   0.20406512
  -0.40337907   0.27223688
  -0.43182772   0.34040865
  -0.44491379   0.39486256
  -0.45799986   0.44931648
  -0.47108593   0.50377040
  -0.52501971   0.51723122
  -0.57895350   0.53069204
  -0.63288728   0.54415287
  -0.68859092   0.57947420
  -0.74429457   0.61479553
  -0.78691214   0.65816294
  -0.82952971   0.70153035
  -0.87214728   0.74489776
  -0.91476486   0.78826518
  -0.95738243   0.83163259
  -1.00000000   0.87500000
  -1.00000000  -0.50000000
  -0.95765261  -0.51969421
  -0.90187218  -0.48516419
  -0.84609174  -0.45063416
  -0.79031131  -0.41610414
  -0.73453088  -0.38157411
  -0.67875044  -0.34704409
  -0.62297001  -0.31251407
  -0.56718958  -0.27798404
  -0.51332038  -0.26449232
  -0.44410082  -0.23652234
  -0.37488125  -0.20855236
  -0.30566168  -0.18058239
  -0.27687827  -0.11187990
  -0.27695506  -0.05673126
  -0.27703185  -0.00158261
  -0.27710864   0.05356604
  -0.27718543   0.10871469
  -0.30563407   0.17688645
  -0.33408272   0.24505821
  -0.36253136   0.31322998
  -0.39098000   0.38140174
  -0.40406607   0.43585566
  -0.41715214   0.49030957
  -0.43023821   0.54476349
  -0.48417200   0.55822431
  -0.53810578   0.57168514
  -0.59203957   0.58514596
  -0.64597335   0.59860679
  -0.70167699   0.63392811
  -0.74429457   0.67729553
  -0.78691214   0.72066294
  -0.82952971   0.76403035
  -0.87214728   0.80739776
  -0.91476486   0.85076518
  -0.95738243   0.89413259
  -1.00000000   0.93750000
  -1.00000000  -0.56250000
  -0.95765261  -0.58219421
  -0.91530522  -0.53938842
  -0.85952479  -0.50485839
  -0.80374435  -0.47032837
  -0.74796392  -0.43579835
  -0.69218349  -0.40126832
  -0.63640305  -0.36673830
  -0.58062262  -0.33220827
  -0.52675343  -0.31871655
  -0.47288423  -0.30522483
  -0.40366466  -0.27725485
  -0.33444510  -0.24928487
  -0.26522553  -0.22131490
  -0.23644212  -0.15261241
  -0.20765870  -0.08390993
  -0.20773549  -0.02876128
  -0.20781228   0.02638737
  -0.20788907   0.08153601
  -0.23633772   0.14970778
  -0.26478636   0.21787954
  -0.29323500   0.28605131
  -0.32168365   0.35422307
  -0.35013229   0.42239483
  -0.36321836   0.47684875
  -0.37630443   0.53130266
  -0.38939050   0.58575658
  -0.44332428   0.59921740
  -0.49725807   0.61267823
  -0.55119185   0.62613905
  -0.60512564   0.63959988
  -0.65905942   0.65306070
  -0.70167699   0.69642811
  -0.74429457   0.73979553
  -0.78691214   0.78316294
  -0.82952971   0.82653035
  -0.87214728   0.86989776
  -0.91476486   0.91326518
  -0.95738243   0.95663259
  -1.00000000   1.00000000
  -1.00000000  -0.62500000
  -0.95765261  -0.64469421
  -0.91530522  -0.60188842
  -0.87295783  -0.55908263
  -0.81717740  -0.52455260
  -0.76139697  -0.49002258
  -0.70561653  -0.45549256
  -0.64983610  -0.42096253
  -0.59405567  -0.38643251
  -0.54018647  -0.37294078
  -0.48631728  -0.35944906
  -0.43244808  -0.34595733
  -0.36322851  -0.31798736
  -0.29400895  -0.29001738
  -0.22478938  -0.26204741
  -0.19600596  -0.19334492
  -0.16722255  -0.12464244
  -0.13843913  -0.05593995
  -0.13851592  -0.00079130
  -0.13859271   0.05435734
  -0.16704136   0.12252911
  -0.19549000   0.19070087
  -0.22393864   0.25887263
  -0.25238729   0.32704440
  -0.28083593   0.39521616
  -0.30928457   0.46338792
  -0.32237064   0.51784184
  -0.33545672   0.57229576
  -0.36950807   0.62912399
  -0.42344186   0.64258482
  -0.47737564   0.65604564
  -0.53130943   0.66950647
  -0.58524321   0.68296729
  -0.63917699   0.69642811
  -0.68179457   0.73979553
  -0.72441214   0.78316294
  -0.76702971   0.82653035
  -0.80964728   0.86989776
  -0.85226486   0.91326518
  -0.89488243   0.95663259
  -0.93750000   1.00000000
  -1.00000000  -0.68750000
  -0.95765261  -0.70719421
  -0.91530522  -0.66438842
  -0.87295783  -0.62158263
  -0.83061044  -0.57877684
  -0.77483001  -0.54424681
  -0.71904958  -0.50971679
  -0.66326914  -0.47518677
  -0.60748871  -0.44065674
  -0.55361951  -0.42716502
  -0.49975032  -0.41367329
  -0.44588112  -0.40018157
  -0.39201193  -0.38668984
  -0.32279236  -0.35871987
  -0.25357280  -0.33074989
  -0.18435323  -0.30277991
  -0.15556981  -0.23407743
  -0.12678640  -0.16537495
  -0.09800298  -0.09667246
  -0.06921957  -0.02796998
  -0.06929636   0.02717867
  -0.09774500   0.09535044
  -0.12619364   0.16352220
  -0.15464229   0.23169396
  -0.18309093   0.29986573
  -0.21153957   0.36803749
  -0.23998822   0.43620925
  -0.26843686   0.50438102
  -0.28152293   0.55883493
  -0.31557429   0.61566317
  -0.34962564   0.67249141
  -0.40355943   0.68595223
  -0.45749321   0.69941305
  -0.51142700   0.71287388
  -0.56536078   0.72633470
  -0.61929457   0.73979553
  -0.66191214   0.78316294
  -0.70452971   0.82653035
  -0.74714728   0.86989776
  -0.78976486   0.91326518
  -0.83238243   0.95663259
  -0.87500000   1.00000000
  -1.00000000  -0.75000000
  -0.95765261  -0.76969421
  -0.91530522  -0.72688842
  -0.87295783  -0.68408263
  -0.83061044  -0.64127684
  -0.78826305  -0.59847105
  -0.73248262  -0.56394102
  -0.67670219  -0.52941100
  -0.62092175  -0.49488097
  -0.56705256  -0.48138925
  -0.51318336  -0.46789753
  -0.45931417  -0.45440580
  -0.40544497  -0.44091408
  -0.35157578  -0.42742235
  -0.28235621  -0.39945238
  -0.21313665  -0.37148240
  -0.14391708  -0.34351242
  -0.11513366  -0.27480994
  -0.08635025  -0.20610745
  -0.05756683  -0.13740497
  -0.02878342  -0.06870248
   0.00000000   0.00000000
  -0.02844864   0.06817176
  -0.05689729   0.13634353
  -0.08534593   0.20451529
  -0.11379457   0.27268705
  -0.14224322   0.34085882
  -0.17069186   0.40903058
  -0.19914050   0.47720234
  -0.22758915   0.54537411
  -0.26164050   0.60220234
  -0.29569186   0.65903058
  -0.32974322   0.71585882
  -0.38367700   0.72931964
  -0.43761079   0.74278047
  -0.49154457   0.75624129
  -0.54547835   0.76970211
  -0.59941214   0.78316294
  -0.64202971   0.82653035
  -0.68464728   0.86989776
  -0.72726486   0.91326518
  -0.76988243   0.95663259
  -0.81250000   1.00000000
  -1.00000000  -0.81250000
  -0.95765261  -0.83219421
  -0.91530522  -0.78938842
  -0.87295783  -0.74658263
  -0.83061044  -0.70377684
  -0.78826305  -0.66097105
  -0.74591566  -0.61816526
  -0.69013523  -0.58363523
  -0.63435480  -0.54910521
  -0.58048560  -0.53561348
  -0.52661641  -0.52212176
  -0.47274721  -0.50863003
  -0.41887802  -0.49513831
  -0.36500882  -0.48164658
  -0.31113963  -0.46815486
  -0.24192006  -0.44018488
  -0.17270049  -0.41221491
  -0.11721535  -0.41206000
  -0.08843193  -0.34335751
  -0.05964851  -0.27465503
  -0.03086510  -0.20595254
  -0.00208168  -0.13725006
   0.02670173  -0.06854757
   0.06741116  -0.02800335
   0.06749856   0.02718794
   0.02640459   0.06800883
  -0.00204406   0.13618060
  -0.03049270   0.20435236
  -0.05894134   0.27252412
  -0.08738999   0.34069589
  -0.11583863   0.40886765
  -0.14428727   0.47703941
  -0.17273592   0.54521118
  -0.19914050   0.60220234
  -0.23319186   0.65903058
  -0.26724322   0.71585882
  -0.30129457   0.77268705
  -0.36379457   0.77268705
  -0.41772836   0.78614788
  -0.47166214   0.79960870
  -0.52559593   0.81306953
  -0.57952971   0.82653035
  -0.62214728   0.86989776
  -0.66476486   0.91326518
  -0.70738243   0.95663259
  -0.75000000   1.00000000
  -1.00000000  -0.87500000
  -0.95765261  -0.89469421
  -0.91530522  -0.85188842
  -0.87295783  -0.80908263
  -0.83061044  -0.76627684
  -0.78826305  -0.72347105
  -0.74591566  -0.68066526
  -0.70356828  -0.63785947
  -0.64778784  -0.60332944
  -0.59391865  -0.58983772
  -0.54004945  -0.57634599
  -0.48618026  -0.56285427
  -0.43231106  -0.54936254
  -0.37844187  -0.53587082
  -0.32457267  -0.52237909
  -0.27070348  -0.50888737
  -0.20148391  -0.48091739
  -0.14599876  -0.48076248
  -0.09051361  -0.48060757
  -0.06173020  -0.41190509
  -0.03294678  -0.34320260
  -0.00416337  -0.27450012
   0.02462005  -0.20579763
   0.05340346  -0.13709515
   0.09411289  -0.09655093
   0.13490972  -0.00081541
   0.13482231  -0.05600670
   0.09390315   0.09519677
   0.13499712   0.05437588
   0.05280917   0.13601766
   0.02436053   0.20418943
  -0.00408812   0.27236119
  -0.03253676   0.34053296
  -0.06098540   0.40870472
  -0.08943405   0.47687648
  -0.11788269   0.54504825
  -0.14428727   0.60203941
  -0.17069186   0.65903058
  -0.20474322   0.71585882
  -0.23879457   0.77268705
  -0.27284593   0.82951529
  -0.33534593   0.82951529
  -0.39784593   0.82951529
  -0.45177971   0.84297611
  -0.50571350   0.85643694
  -0.55964728   0.86989776
  -0.60226486   0.91326518
  -0.64488243   0.95663259
  -0.68750000   1.00000000
  -1.00000000  -0.93750000
  -0.95765261  -0.95719421
  -0.91530522  -0.91438842
  -0.87295783  -0.87158263
  -0.83061044  -0.82877684
  -0.78826305  -0.78597105
  -0.74591566  -0.74316526
  -0.70356828  -0.70035947
  -0.66122089  -0.65755367
  -0.60735169  -0.64406195
  -0.55348250  -0.63057023
  -0.49961330  -0.61707850
  -0.44574411  -0.60358678
  -0.39187491  -0.59009505
  -0.33800572  -0.57660333
  -0.28413652  -0.56311160
  -0.23026733  -0.54961988
  -0.17478218  -0.54946497
  -0.11929703  -0.54931006
  -0.06381188  -0.54915515
  -0.03502847  -0.48045266
  -0.00624505  -0.41175018
   0.02253837  -0.34304769
   0.05132178  -0.27434521
   0.08010520  -0.20564272
   0.12081462  -0.16509850
   0.16152404  -0.12455428
   0.20232087  -0.02881877
   0.20240828   0.02637252
   0.20223347  -0.08401006
   0.16140171   0.12238471
   0.12030773   0.16320560
   0.20249568   0.08156381
   0.07921376   0.20402650
   0.05076511   0.27219826
   0.02231647   0.34037002
  -0.00613217   0.40854179
  -0.03458082   0.47671355
  -0.06302946   0.54488531
  -0.08943405   0.60187648
  -0.11583863   0.65886765
  -0.14224322   0.71585882
  -0.17629457   0.77268705
  -0.21034593   0.82951529
  -0.24439729   0.88634353
  -0.30689729   0.88634353
  -0.36939729   0.88634353
  -0.43189729   0.88634353
  -0.48583107   0.89980435
  -0.53976486   0.91326518
  -0.58238243   0.95663259
  -0.62500000   1.00000000
  -1.00000000  -1.00000000
  -0.93750000  -1.00000000
  -0.89515261  -0.95719421
  -0.85280522  -0.91438842
  -0.81045783  -0.87158263
  -0.76811044  -0.82877684
  -0.72576305  -0.78597105
  -0.68341566  -0.74316526
  -0.64106828  -0.70035947
  -0.58719908  -0.68686774
  -0.53332989  -0.67337602
  -0.47946069  -0.65988429
  -0.42559150  -0.64639257
  -0.37172230  -0.63290084
  -0.31785310  -0.61940912
  -0.26398391  -0.60591739
  -0.20148391  -0.60591739
  -0.14599876  -0.60576248
  -0.09051361  -0.60560757
  -0.03502847  -0.60545266
  -0.00832673  -0.54900024
   0.02045668  -0.48029775
   0.04924010  -0.41159527
   0.07802351  -0.34289278
   0.10680693  -0.27419030
   0.14751635  -0.23364608
   0.18822578  -0.19310185
   0.22893520  -0.15255763
   0.26973203  -0.05682212
   0.26981943  -0.00163083
   0.26990684   0.05356046
   0.26964462  -0.11201341
   0.22890027   0.14957265
   0.18780629   0.19039354
   0.14671232   0.23121443
   0.26999424   0.10875175
   0.10561834   0.27203533
   0.07716970   0.34020709
   0.04872106   0.40837886
   0.02027241   0.47655062
  -0.00817623   0.54472238
  -0.03458082   0.60171355
  -0.06098540   0.65870472
  -0.08738999   0.71569589
  -0.11379457   0.77268705
  -0.14784593   0.82951529
  -0.18189729   0.88634353
  -0.21594864   0.94317176
  -0.27844864   0.94317176
  -0.34094864   0.94317176
  -0.40344864   0.94317176
  -0.46594864   0.94317176
  -0.51988243   0.95663259
  -0.56250000   1.00000000
  -0.87500000  -1.00000000
  -0.83265261  -0.95719421
  -0.79030522  -0.91438842
  -0.74795783  -0.87158263
  -0.70561044  -0.82877684
  -0.66326305  -0.78597105
  -0.62091566  -0.74316526
  -0.56704647  -0.72967353
  -0.51317727  -0.71618181
  -0.45930808  -0.70269008
  -0.40543888  -0.68919836
  -0.35156969  -0.67570663
  -0.29770049  -0.66221491
  -0.23520049  -0.66221491
  -0.17270049  -0.66221491
  -0.11721535  -0.66206000
  -0.06173020  -0.66190509
  -0.00624505  -0.66175018
   0.02045668  -0.60529775
   0.04715842  -0.54884533
   0.07594183  -0.48014284
   0.10472525  -0.41144036
   0.13350866  -0.34273787
   0.17421809  -0.30219365
   0.21492751  -0.26164943
   0.25563693  -0.22110521
   0.29634635  -0.18056098
   0.33714318  -0.08482547
   0.33723059  -0.02963418
   0.33731799   0.02555711
   0.33740540   0.08074840
   0.33705578  -0.14001676
   0.29639883   0.17676058
   0.25530485   0.21758148
   0.21421088   0.25840237
   0.17311690   0.29922327
   0.33749281   0.13593969
   0.13202293   0.34004416
   0.10357428   0.40821593
   0.07512564   0.47638769
   0.04667700   0.54455945
   0.02027241   0.60155062
  -0.00613217   0.65854179
  -0.03253676   0.71553296
  -0.05894134   0.77252412
  -0.08534593   0.82951529
  -0.11939729   0.88634353
  -0.15344864   0.94317176
  -0.18750000   1.00000000
  -0.25000000   1.00000000
  -0.31250000   1.00000000
  -0.37500000   1.00000000
  -0.43750000   1.00000000
  -0.50000000   1.00000000
  -0.81250000  -1.00000000
  -0.77015261  -0.95719421
  -0.72780522  -0.91438842
  -0.68545783  -0.87158263
  -0.64311044  -0.82877684
  -0.60076305  -0.78597105
  -0.54689386  -0.77247932
  -0.49302466  -0.75898760
  -0.43915547  -0.74549587
  -0.38528627  -0.73200415
  -0.33141708  -0.71851242
  -0.26891708  -0.71851242
  -0.20641708  -0.71851242
  -0.14391708  -0.71851242
  -0.08843193  -0.71835751
  -0.03294678  -0.71820260
   0.02253837  -0.71804769
   0.04924010  -0.66159527
   0.07594183  -0.60514284
   0.10264356  -0.54869042
   0.13142698  -0.47998793
   0.16021039  -0.41128545
   0.20091982  -0.37074123
   0.24162924  -0.33019700
   0.28233866  -0.28965278
   0.32304809  -0.24910856
   0.36375751  -0.20856433
   0.40455434  -0.11282882
   0.40464174  -0.05763753
   0.40472915  -0.00244624
   0.40481655   0.05274505
   0.40490396   0.10793634
   0.40446693  -0.16802011
   0.36389739   0.20394852
   0.32280342   0.24476942
   0.28170944   0.28559031
   0.24061546   0.32641121
   0.19952149   0.36723210
   0.40499137   0.16312763
   0.15842751   0.40805299
   0.12997887   0.47622476
   0.10153023   0.54439652
   0.07512564   0.60138769
   0.04872106   0.65837886
   0.02231647   0.71537002
  -0.00408812   0.77236119
  -0.03049270   0.82935236
  -0.05689729   0.88634353
  -0.09094864   0.94317176
  -0.12500000   1.00000000
  -0.75000000  -1.00000000
  -0.70765261  -0.95719421
  -0.66530522  -0.91438842
  -0.62295783  -0.87158263
  -0.58061044  -0.82877684
  -0.52674125  -0.81528511
  -0.47287205  -0.80179339
  -0.41900286  -0.78830166
  -0.36513366  -0.77480994
  -0.30263366  -0.77480994
  -0.24013366  -0.77480994
  -0.17763366  -0.77480994
  -0.11513366  -0.77480994
  -0.05964851  -0.77465503
  -0.00416337  -0.77450012
   0.05132178  -0.77434521
   0.07802351  -0.71789278
   0.10472525  -0.66144036
   0.13142698  -0.60498793
   0.15812871  -0.54853551
   0.18691213  -0.47983302
   0.22762155  -0.43928880
   0.26833097  -0.39874458
   0.30904040  -0.35820035
   0.34974982  -0.31765613
   0.39045924  -0.27711191
   0.43116866  -0.23656769
   0.47196549  -0.14083217
   0.47205290  -0.08564088
   0.47214030  -0.03044959
   0.47222771   0.02474170
   0.47231512   0.07993299
   0.47240252   0.13512428
   0.47187809  -0.19602346
   0.43139595   0.23113646
   0.39030198   0.27195735
   0.34920800   0.31277825
   0.30811403   0.35359914
   0.26702005   0.39442004
   0.22592608   0.43524093
   0.47248993   0.19031557
   0.18483210   0.47606183
   0.15638346   0.54423359
   0.12997887   0.60122476
   0.10357428   0.65821593
   0.07716970   0.71520709
   0.05076511   0.77219826
   0.02436053   0.82918943
  -0.00204406   0.88618060
  -0.02844864   0.94317176
  -0.06250000   1.00000000
  -0.68750000  -1.00000000
  -0.64515261  -0.95719421
  -0.60280522  -0.91438842
  -0.56045783  -0.87158263
  -0.50658864  -0.85809090
  -0.45271944  -0.84459918
  -0.39885025  -0.83110745
  -0.33635025  -0.83110745
  -0.27385025  -0.83110745
  -0.21135025  -0.83110745
  -0.14885025  -0.83110745
  -0.08635025  -0.83110745
  -0.03086510  -0.83095254
   0.02462005  -0.83079763
   0.08010520  -0.83064272
   0.10680693  -0.77419030
   0.13350866  -0.71773787
   0.16021039  -0.66128545
   0.18691213  -0.60483302
   0.21361386  -0.54838060
   0.25432328  -0.50783638
   0.29503271  -0.46729215
   0.33574213  -0.42674793
   0.37645155  -0.38620371
   0.41716097  -0.34565948
   0.45787040  -0.30511526
   0.49857982  -0.26457104
   0.53937665  -0.16883552
   0.53946405  -0.11364424
   0.53955146  -0.05845295
   0.53963886  -0.00326166
   0.53972627   0.05192963
   0.53981368   0.10712092
   0.53990108   0.16231221
   0.53928924  -0.22402681
   0.49889451   0.25832440
   0.45780054   0.29914529
   0.41670656   0.33996619
   0.37561259   0.38078708
   0.33451861   0.42160798
   0.29342464   0.46242887
   0.25233066   0.50324976
   0.53998849   0.21750350
   0.21123669   0.54407066
   0.18483210   0.60106183
   0.15842751   0.65805299
   0.13202293   0.71504416
   0.10561834   0.77203533
   0.07921376   0.82902650
   0.05280917   0.88601766
   0.02640459   0.94300883
   0.00000000   1.00000000
  -0.62500000  -1.00000000
  -0.58265261  -0.95719421
  -0.54030522  -0.91438842
  -0.48643603  -0.90089669
  -0.43256683  -0.88740497
  -0.37006683  -0.88740497
  -0.30756683  -0.88740497
  -0.24506683  -0.88740497
  -0.18256683  -0.88740497
  -0.12006683  -0.88740497
  -0.05756683  -0.88740497
  -0.00208168  -0.88725006
   0.05340346  -0.88709515
   0.11590346  -0.88709515
   0.14260520  -0.83064272
   0.16930693  -0.77419030
   0.19600866  -0.71773787
   0.22271039  -0.66128545
   0.24941213  -0.60483302
   0.26798948  -0.56170111
   0.30869890  -0.52115689
   0.34940833  -0.48061266
   0.39011775  -0.44006844
   0.43082717  -0.39952422
   0.47153659  -0.35897999
   0.51224602  -0.31843577
   0.55295544  -0.27789155
   0.59687809  -0.19602346
   0.59696549  -0.14083217
   0.59705290  -0.08564088
   0.59714030  -0.03044959
   0.59722771   0.02474170
   0.59731512   0.07993299
   0.59740252   0.13512428
   0.59748993   0.19031557
   0.59687809  -0.25852346
   0.55333140   0.27159097
   0.51223743   0.31241187
   0.47114345   0.35323276
   0.43004948   0.39405366
   0.38895550   0.43487455
   0.34786153   0.47569545
   0.30676755   0.51651634
   0.26567357   0.55733724
   0.59748993   0.25281557
   0.24733210   0.60106183
   0.22092751   0.65805299
   0.19452293   0.71504416
   0.16811834   0.77203533
   0.14171376   0.82902650
   0.11530917   0.88601766
   0.08890459   0.94300883
   0.06250000   1.00000000
  -0.56250000  -1.00000000
  -0.52015261  -0.95719421
  -0.46628342  -0.94370248
  -0.40378342  -0.94370248
  -0.34128342  -0.94370248
  -0.27878342  -0.94370248
  -0.21628342  -0.94370248
  -0.15378342  -0.94370248
  -0.09128342  -0.94370248
  -0.02878342  -0.94370248
   0.02670173  -0.94354757
   0.08920173  -0.94354757
   0.15170173  -0.94354757
   0.17840346  -0.88709515
   0.20510520  -0.83064272
   0.23180693  -0.77419030
   0.25850866  -0.71773787
   0.28521039  -0.66128545
   0.30378775  -0.61815353
   0.32236510  -0.57502162
   0.36307452  -0.53447740
   0.40378395  -0.49393317
   0.44449337  -0.45338895
   0.48520279  -0.41284473
   0.52591221  -0.37230051
   0.56662164  -0.33175628
   0.61054428  -0.31238820
   0.65446693  -0.23052011
   0.65446693  -0.16802011
   0.65455434  -0.11282882
   0.65464174  -0.05763753
   0.65472915  -0.00244624
   0.65481655   0.05274505
   0.65490396   0.10793634
   0.65499137   0.16312763
   0.65499137   0.22562763
   0.65446693  -0.29302011
   0.61083284   0.30690304
   0.56667432   0.32567845
   0.52558034   0.36649934
   0.48448637   0.40732024
   0.44339239   0.44814113
   0.40229842   0.48896202
   0.36120444   0.52978292
   0.32011046   0.57060381
   0.30176899   0.61432840
   0.65499137   0.28812763
   0.28342751   0.65805299
   0.25702293   0.71504416
   0.23061834   0.77203533
   0.20421376   0.82902650
   0.17780917   0.88601766
   0.15140459   0.94300883
   0.12500000   1.00000000
  -0.50000000  -1.00000000
  -0.43750000  -1.00000000
  -0.37500000  -1.00000000
  -0.31250000  -1.00000000
  -0.25000000  -1.00000000
  -0.18750000  -1.00000000
  -0.12500000  -1.00000000
  -0.06250000  -1.00000000
   0.00000000  -1.00000000
   0.06250000  -1.00000000
   0.12500000  -1.00000000
   0.18750000  -1.00000000
   0.21420173  -0.94354757
   0.24090346  -0.88709515
   0.26760520  -0.83064272
   0.29430693  -0.77419030
   0.32100866  -0.71773787
   0.33958602  -0.67460596
   0.35816337  -0.63147405
   0.37674072  -0.58834213
   0.41745015  -0.54779791
   0.45815957  -0.50725369
   0.49886899  -0.46670946
   0.53957841  -0.42616524
   0.58028784  -0.38562102
   0.62421048  -0.36625293
   0.66813313  -0.34688484
   0.71205578  -0.26501676
   0.71205578  -0.20251676
   0.71205578  -0.14001676
   0.71214318  -0.08482547
   0.71223059  -0.02963418
   0.71231799   0.02555711
   0.71240540   0.08074840
   0.71249281   0.13593969
   0.71249281   0.19843969
   0.71249281   0.26093969
   0.71205578  -0.32751676
   0.66833428   0.34221510
   0.62417576   0.36099051
   0.58001723   0.37976592
   0.53892326   0.42058681
   0.49782928   0.46140771
   0.45673531   0.50222860
   0.41564133   0.54304950
   0.37454735   0.58387039
   0.35620588   0.62759498
   0.33786440   0.67131957
   0.71249281   0.32343969
   0.31952293   0.71504416
   0.29311834   0.77203533
   0.26671376   0.82902650
   0.24030917   0.88601766
   0.21390459   0.94300883
   0.18750000   1.00000000
   0.25000000  -1.00000000
   0.27670173  -0.94354757
   0.30340346  -0.88709515
   0.33010520  -0.83064272
   0.35680693  -0.77419030
   0.37538428  -0.73105839
   0.39396164  -0.68792647
   0.41253899  -0.64479456
   0.43111634  -0.60166264
   0.47182577  -0.56111842
   0.51253519  -0.52057420
   0.55324461  -0.48002997
   0.59395403  -0.43948575
   0.63787668  -0.42011766
   0.68179933  -0.40074958
   0.72572197  -0.38138149
   0.76964462  -0.29951341
   0.76964462  -0.23701341
   0.76964462  -0.17451341
   0.76964462  -0.11201341
   0.76973203  -0.05682212
   0.76981943  -0.00163083
   0.76990684   0.05356046
   0.76999424   0.10875175
   0.76999424   0.17125175
   0.76999424   0.23375175
   0.76999424   0.29625175
   0.76964462  -0.36201341
   0.72583572   0.37752716
   0.68167720   0.39630257
   0.63751867   0.41507798
   0.59336015   0.43385339
   0.55226617   0.47467428
   0.51117219   0.51549518
   0.47007822   0.55631607
   0.42898424   0.59713697
   0.41064277   0.64086156
   0.39230129   0.68458615
   0.37395982   0.72831074
   0.76999424   0.35875175
   0.35561834   0.77203533
   0.32921376   0.82902650
   0.30280917   0.88601766
   0.27640459   0.94300883
   0.25000000   1.00000000
   0.31250000  -1.00000000
   0.33920173  -0.94354757
   0.36590346  -0.88709515
   0.39260520  -0.83064272
   0.41118255  -0.78751081
   0.42975990  -0.74437890
   0.44833726  -0.70124698
   0.46691461  -0.65811507
   0.48549196  -0.61498315
   0.52620139  -0.57443893
   0.56691081  -0.53389471
   0.60762023  -0.49335048
   0.65154288  -0.47398240
   0.69546553  -0.45461431
   0.73938817  -0.43524623
   0.78331082  -0.41587814
   0.82723347  -0.33401006
   0.82723347  -0.27151006
   0.82723347  -0.20901006
   0.82723347  -0.14651006
   0.82723347  -0.08401006
   0.82732087  -0.02881877
   0.82740828   0.02637252
   0.82749568   0.08156381
   0.82749568   0.14406381
   0.82749568   0.20656381
   0.82749568   0.26906381
   0.82749568   0.33156381
   0.82723347  -0.39651006
   0.78333716   0.41283922
   0.73917863   0.43161463
   0.69502011   0.45039004
   0.65086158   0.46916545
   0.60670306   0.48794086
   0.56560908   0.52876176
   0.52451511   0.56958265
   0.48342113   0.61040355
   0.46507966   0.65412814
   0.44673818   0.69785273
   0.42839671   0.74157732
   0.41005523   0.78530191
   0.82749568   0.39406381
   0.39171376   0.82902650
   0.36530917   0.88601766
   0.33890459   0.94300883
   0.31250000   1.00000000
   0.37500000  -1.00000000
   0.40170173  -0.94354757
   0.42840346  -0.88709515
   0.44698082  -0.84396324
   0.46555817  -0.80083132
   0.48413553  -0.75769941
   0.50271288  -0.71456749
   0.52129023  -0.67143558
   0.53986759  -0.62830366
   0.58057701  -0.58775944
   0.62128643  -0.54721522
   0.66520908  -0.52784713
   0.70913172  -0.50847905
   0.75305437  -0.48911096
   0.79697702  -0.46974288
   0.84089966  -0.45037479
   0.88482231  -0.36850670
   0.88482231  -0.30600670
   0.88482231  -0.24350670
   0.88482231  -0.18100670
   0.88482231  -0.11850670
   0.88482231  -0.05600670
   0.88490972  -0.00081541
   0.88499712   0.05437588
   0.88499712   0.11687588
   0.88499712   0.17937588
   0.88499712   0.24187588
   0.88499712   0.30437588
   0.88499712   0.36687588
   0.88482231  -0.43100670
   0.84083860   0.44815129
   0.79668007   0.46692669
   0.75252155   0.48570210
   0.70836302   0.50447751
   0.66420450   0.52325292
   0.62004597   0.54202833
   0.57895200   0.58284923
   0.53785802   0.62367012
   0.51951655   0.66739471
   0.50117507   0.71111930
   0.48283360   0.75484389
   0.46449212   0.79856848
   0.44615065   0.84229307
   0.88499712   0.42937588
   0.42780917   0.88601766
   0.40140459   0.94300883
   0.37500000   1.00000000
   0.43750000  -1.00000000
   0.46420173  -0.94354757
   0.48277909  -0.90041566
   0.50135644  -0.85728375
   0.51993379  -0.81415183
   0.53851115  -0.77101992
   0.55708850  -0.72788800
   0.57566585  -0.68475609
   0.59424321  -0.64162417
   0.63495263  -0.60107995
   0.67887528  -0.58171187
   0.72279792  -0.56234378
   0.76672057  -0.54297569
   0.81064322  -0.52360761
   0.85456586  -0.50423952
   0.89848851  -0.48487144
   0.94241116  -0.40300335
   0.94241116  -0.34050335
   0.94241116  -0.27800335
   0.94241116  -0.21550335
   0.94241116  -0.15300335
   0.94241116  -0.09050335
   0.94241116  -0.02800335
   0.94249856   0.02718794
   0.94249856   0.08968794
   0.94249856   0.15218794
   0.94249856   0.21468794
   0.94249856   0.27718794
   0.94249856   0.33968794
   0.94249856   0.40218794
   0.94241116  -0.46550335
   0.89834004   0.48346335
   0.85418151   0.50223876
   0.81002299   0.52101417
   0.76586446   0.53978958
   0.72170594   0.55856499
   0.67754741   0.57734040
   0.63338889   0.59611581
   0.59229491   0.63693670
   0.57395344   0.68066129
   0.55561196   0.72438588
   0.53727049   0.76811047
   0.51892901   0.81183506
   0.50058754   0.85555965
   0.48224606   0.89928424
   0.94249856   0.46468794
   0.46390459   0.94300883
   0.43750000   1.00000000
   0.50000000  -1.00000000
   0.51857735  -0.95686809
   0.53715471  -0.91373617
   0.55573206  -0.87060426
   0.57430941  -0.82747234
   0.59288677  -0.78434043
   0.61146412  -0.74120851
   0.63004147  -0.69807660
   0.64861883  -0.65494469
   0.69254147  -0.63557660
   0.73646412  -0.61620851
   0.78038677  -0.59684043
   0.82430941  -0.57747234
   0.86823206  -0.55810426
   0.91215471  -0.53873617
   0.95607735  -0.51936809
   1.00000000  -0.43750000
   1.00000000  -0.37500000
   1.00000000  -0.31250000
   1.00000000  -0.25000000
   1.00000000  -0.18750000
   1.00000000  -0.12500000
   1.00000000  -0.06250000
   1.00000000   0.00000000
   1.00000000   0.06250000
   1.00000000   0.12500000
   1.00000000   0.18750000
   1.00000000   0.25000000
   1.00000000   0.31250000
   1.00000000   0.37500000
   1.00000000   0.43750000
   1.00000000  -0.50000000
   0.95584148   0.51877541
   0.91168295   0.53755082
   0.86752443   0.55632623
   0.82336590   0.57510164
   0.77920738   0.59387705
   0.73504885   0.61265246
   0.69089033   0.63142787
   0.64673180   0.65020328
   0.62839033   0.69392787
   0.61004885   0.73765246
   0.59170738   0.78137705
   0.57336590   0.82510164
   0.55502443   0.86882623
   0.53668295   0.91255082
   0.51834148   0.95627541
   1.00000000   0.50000000
   0.50000000   1.00000000
   0.56250000  -1.00000000
   0.58107735  -0.95686809
   0.59965471  -0.91373617
   0.61823206  -0.87060426
   0.63680941  -0.82747234
   0.65538677  -0.78434043
   0.67396412  -0.74120851
   0.69254147  -0.69807660
   0.73646412  -0.67870851
   0.78038677  -0.65934043
   0.82430941  -0.63997234
   0.86823206  -0.62060426
   0.91215471  -0.60123617
   0.95607735  -0.58186809
   1.00000000  -0.56250000
   1.00000000   0.56250000
   0.95584148   0.58127541
   0.91168295   0.60005082
   0.86752443   0.61882623
   0.82336590   0.63760164
   0.77920738   0.65637705
   0.73504885   0.67515246
   0.69089033   0.69392787
   0.67254885   0.73765246
   0.65420738   0.78137705
   0.63586590   0.82510164
   0.61752443   0.86882623
   0.59918295   0.91255082
   0.58084148   0.95627541
   0.56250000   1.00000000
   0.62500000  -1.00000000
   0.64357735  -0.95686809
   0.66215471  -0.91373617
   0.68073206  -0.87060426
   0.69930941  -0.82747234
   0.71788677  -0.78434043
   0.73646412  -0.74120851
   0.78038677  -0.72184043
   0.82430941  -0.70247234
   0.86823206  -0.68310426
   0.91215471  -0.66373617
   0.95607735  -0.64436809
   1.00000000  -0.62500000
   1.00000000   0.62500000
   0.95584148   0.64377541
   0.91168295   0.66255082
   0.86752443   0.68132623
   0.82336590   0.70010164
   0.77920738   0.71887705
   0.73504885   0.73765246
   0.71670738   0.78137705
   0.69836590   0.82510164
   0.68002443   0.86882623
   0.66168295   0.91255082
   0.64334148   0.95627541
   0.62500000   1.00000000
   0.68750000  -1.00000000
   0.70607735  -0.95686809
   0.72465471  -0.91373617
   0.74323206  -0.87060426
   0.76180941  -0.82747234
   0.78038677  -0.78434043
   0.82430941  -0.76497234
   0.86823206  -0.74560426
   0.91215471  -0.72623617
   0.95607735  -0.70686809
   1.00000000  -0.68750000
   1.00000000   0.68750000
   0.95584148   0.70627541
   0.91168295   0.72505082
   0.86752443   0.74382623
   0.82336590   0.76260164
   0.77920738   0.78137705
   0.76086590   0.82510164
   0.74252443   0.86882623
   0.72418295   0.91255082
   0.70584148   0.95627541
   0.68750000   1.00000000
   0.75000000  -1.00000000
   0.76857735  -0.95686809
   0.78715471  -0.91373617
   0.80573206  -0.87060426
   0.82430941  -0.82747234
   0.86823206  -0.80810426
   0.91215471  -0.78873617
   0.95607735  -0.76936809
   1.00000000  -0.75000000
   1.00000000   0.75000000
   0.95584148   0.76877541
   0.91168295   0.78755082
   0.86752443   0.80632623
   0.82336590   0.82510164
   0.80502443   0.86882623
   0.78668295   0.91255082
   0.76834148   0.95627541
   0.75000000   1.00000000
   0.81250000  -1.00000000
   0.83107735  -0.95686809
   0.84965471  -0.91373617
   0.86823206  -0.87060426
   0.91215471  -0.85123617
   0.95607735  -0.83186809
   1.00000000  -0.81250000
   1.00000000   0.81250000
   0.95584148   0.83127541
   0.91168295   0.85005082
   0.86752443   0.86882623
   0.84918295   0.91255082
   0.83084148   0.95627541
   0.81250000   1.00000000
   0.87500000  -1.00000000
   0.89357735  -0.95686809
   0.91215471  -0.91373617
   0.95607735  -0.89436809
   1.00000000  -0.87500000
   1.00000000   0.87500000
   0.95584148   0.89377541
   0.91168295   0.91255082
   0.89334148   0.95627541
   0.87500000   1.00000000
   0.93750000  -1.00000000
   0.95607735  -0.95686809
   1.00000000  -0.93750000
   1.00000000   0.93750000
   0.95584148   0.95627541
   0.93750000   1.00000000
   1.00000000  -1.00000000
   1.00000000   1.00000000
